frame_number,x,y,z,yaw
3119,41.64567184448242,284.5712890625,2.455796480178833,91.60765838623047
3121,130.10687255859375,192.12994384765625,2.200000047683716,-0.046478271484375
3332,131.3125,192.12918090820312,2.4508965015411377,-0.103912353515625
3336,132.99549865722656,192.1258087158203,2.450878381729126,-0.1630554050207138
3335,132.50987243652344,192.12696838378906,2.450852632522583,-0.1467285007238388
3337,133.52359008789062,192.12440490722656,2.4517629146575928,-0.180267333984375
3339,134.64022827148438,192.12071228027344,2.4536972045898438,-0.19110107421875
3341,135.7522735595703,192.1167755126953,2.4552066326141357,-0.190948486328125
3342,136.3055419921875,192.11483764648438,2.455598831176758,-0.1908263862133026
3344,137.49412536621094,192.1111602783203,2.4534711837768555,-0.2304687649011612
3346,138.8773651123047,192.1059112548828,2.4521992206573486,-0.280731201171875
3348,140.38491821289062,192.09857177734375,2.4528257846832275,-0.3104857802391052
3350,141.9578094482422,192.08993530273438,2.4538657665252686,-0.3272704780101776
3352,143.5664825439453,192.08062744140625,2.4546687602996826,-0.3378296196460724
3354,145.19859313964844,192.07164001464844,2.4551727771759033,-0.2919006049633026
3356,146.84922790527344,192.0673370361328,2.4554460048675537,-0.1658019870519638
3358,148.51588439941406,192.06532287597656,2.4556169509887695,-0.091796875
3360,150.12353515625,192.06393432617188,2.4575891494750977,-0.021148681640625
3362,151.67379760742188,192.06375122070312,2.4571144580841064,-0.010162352584302425
3364,153.17591857910156,192.0634002685547,2.458225727081299,0.015801573172211647
3366,154.5212860107422,192.06326293945312,2.4594578742980957,0.044119518250226974
3368,155.7573699951172,192.06350708007812,2.459104061126709,0.04634128510951996
3370,156.93228149414062,192.0637969970703,2.4582881927490234,0.04845979064702988
3372,158.06674194335938,192.06398010253906,2.457738161087036,0.038320690393447876
3374,159.1683807373047,192.06402587890625,2.4573287963867188,0.02691456861793995
3376,160.28512573242188,192.06419372558594,2.4559056758880615,-0.007598876953125
3378,161.4710693359375,192.0641632080078,2.455105781555176,-0.02355957217514515
3380,162.68710327148438,192.06369018554688,2.455437660217285,-0.01589966006577015
3382,163.89601135253906,192.06309509277344,2.4560928344726562,-0.009063720703125
3384,165.08392333984375,192.06256103515625,2.4564905166625977,-0.00433349609375
3386,166.2494354248047,192.06214904785156,2.456676721572876,-0.0010986329289153218
3388,167.39271545410156,192.06179809570312,2.4567525386810303,0.0009731419268064201
3390,168.51451110839844,192.06153869628906,2.456773042678833,0.0021534604020416737
3392,169.6165771484375,192.0613250732422,2.456721782684326,2.353719901293516e-05
3394,170.74305725097656,192.06134033203125,2.4555084705352783,-0.0265808068215847
3396,171.942138671875,192.06106567382812,2.454904317855835,-0.0361328125
3398,173.17245483398438,192.0605010986328,2.4553170204162598,-0.027862548828125
3400,174.3994140625,192.0598907470703,2.4559996128082275,-0.01409911923110485
3402,175.60458374023438,192.05931091308594,2.456469774246216,-0.007110595703125
3404,176.7859344482422,192.05882263183594,2.456688404083252,-0.0025329587515443563
3406,177.94386291503906,192.05845642089844,2.4567759037017822,0.00031019141897559166
3408,179.0726776123047,191.9987030029297,2.4564857482910156,-2.844848871231079
3410,180.17141723632812,191.8413848876953,2.456540584564209,-6.103428363800049
3412,181.2871856689453,191.6454315185547,2.455420970916748,-8.459573745727539
3414,182.4688262939453,191.4151153564453,2.4548513889312744,-10.110274314880371
3416,183.67672729492188,191.16371154785156,2.4553024768829346,-11.166947364807129
3418,184.87611389160156,190.9040985107422,2.4560132026672363,-11.82091236114502
3420,186.0533905029297,190.64337158203125,2.456453800201416,-12.222063064575195
3422,187.207275390625,190.38442993164062,2.45666766166687,-12.46879768371582
3424,188.30023193359375,190.0574188232422,2.456458568572998,-16.940378189086914
3426,189.1717529296875,189.47686767578125,2.455892562866211,-28.74575424194336
3428,189.87022399902344,188.63604736328125,2.455077648162842,-41.75434875488281
3430,190.51670837402344,187.59286499023438,2.453991413116455,-52.55553436279297
3432,191.09524536132812,186.4119873046875,2.454228401184082,-60.498958587646484
3434,191.59829711914062,185.16380310058594,2.4550535678863525,-65.81409454345703
3436,192.04171752929688,183.8988037109375,2.455873966217041,-69.1554946899414
3438,192.44415283203125,182.643798828125,2.456423759460449,-71.19086456298828
3440,192.8193359375,181.40919494628906,2.456726551055908,-72.41990661621094
3442,193.17263793945312,180.19825744628906,2.4568328857421875,-73.3813705444336
3444,193.49497985839844,179.0081787109375,2.4568979740142822,-74.35186767578125
3446,193.73287963867188,177.8353271484375,2.4566032886505127,-78.16416931152344
3448,193.844970703125,176.66995239257812,2.456709623336792,-82.22343444824219
3450,193.910888671875,175.52490234375,2.456796646118164,-84.9104995727539
3452,193.95249938964844,174.40138244628906,2.456807851791382,-86.65837097167969
3454,193.97950744628906,173.28790283203125,2.4563393592834473,-87.80670166015625
3456,193.99815368652344,172.11251831054688,2.4550492763519287,-88.63115692138672
3458,194.01011657714844,170.88388061523438,2.455030679702759,-89.1700439453125
3460,194.0175018310547,169.602294921875,2.454545497894287,-89.525634765625
3462,194.02162170410156,168.244140625,2.4546265602111816,-89.74797058105469
3464,194.0235137939453,166.88134765625,2.45556640625,-89.86217498779297
3466,194.0244140625,165.52317810058594,2.455876350402832,-89.92893981933594
3468,194.02511596679688,164.04722595214844,2.453237533569336,-90.01696014404297
3470,194.02462768554688,162.37452697753906,2.451788902282715,-90.07614135742188
3472,194.02305603027344,160.51658630371094,2.451359748840332,-90.10395050048828
3474,194.02088928222656,158.48361206054688,2.4513187408447266,-90.11398315429688
3475,194.0196990966797,157.40386962890625,2.45135235786438,-90.11541748046875
3476,194.01844787597656,156.28297424316406,2.4514000415802,-90.11553192138672
3477,194.01712036132812,155.12161254882812,2.4514541625976562,-90.11495208740234
3478,194.0158233642578,153.92039489746094,2.451509714126587,-90.11394500732422
3479,194.0144500732422,152.67990112304688,2.4515645503997803,-90.11278533935547
3480,194.01300048828125,151.40066528320312,2.451617956161499,-90.11163330078125
3481,194.0115966796875,150.08316040039062,2.4516687393188477,-90.11056518554688
3482,194.0100555419922,148.74026489257812,2.4523494243621826,-90.09884643554688
3483,194.00845336914062,147.3977813720703,2.453558921813965,-90.0712890625
3484,194.0071563720703,146.05868530273438,2.4545187950134277,-90.04525756835938
3485,194.00624084472656,144.72317504882812,2.455172300338745,-90.02716827392578
3486,194.005615234375,143.3909912109375,2.455597162246704,-90.01705169677734
3487,194.0053253173828,142.0470733642578,2.45512056350708,-90.0257568359375
3488,194.00518798828125,140.66622924804688,2.4540743827819824,-90.05288696289062
3489,194.0046844482422,139.24746704101562,2.453303575515747,-90.0791015625
3490,194.00372314453125,137.79734802246094,2.4530460834503174,-90.09285736083984
3491,194.00241088867188,136.3252716064453,2.453223705291748,-90.09136962890625
3492,194.00086975097656,134.8468475341797,2.4540905952453613,-90.07205200195312
3493,193.99916076660156,133.41055297851562,2.456552267074585,-90.0198974609375
3494,193.9975128173828,132.05677795410156,2.459487199783325,-89.953125
3495,193.99603271484375,130.7990264892578,2.4618778228759766,-89.87625885009766
3496,193.99473571777344,129.64309692382812,2.4636380672454834,-89.79072570800781
3497,193.99365234375,128.59213256835938,2.4650421142578125,-89.70197296142578
3499,193.99221801757812,126.80882263183594,2.4665560722351074,-89.54092407226562
3501,193.99354553222656,125.39018249511719,2.4651782512664795,-89.5285873413086
3503,193.99905395507812,124.04596710205078,2.4607765674591064,-89.71600341796875
3505,194.00247192382812,122.69955444335938,2.458390474319458,-89.84220123291016
3507,194.00405883789062,121.3580322265625,2.4576690196990967,-89.91016387939453
3509,194.0046844482422,120.07005310058594,2.4578545093536377,-89.93733978271484
3511,194.0050506591797,118.79904174804688,2.457148313522339,-89.96514129638672
3513,194.00511169433594,117.51618957519531,2.4563329219818115,-89.99199676513672
3515,193.92210388183594,116.23267364501953,2.455620288848877,-94.38025665283203
3517,193.60604858398438,114.97579956054688,2.4550681114196777,-101.6304931640625
3519,193.18710327148438,113.7127914428711,2.4556055068969727,-105.43720245361328
3521,192.76715087890625,112.43296813964844,2.4553020000457764,-107.95838928222656
3523,192.251708984375,111.17010498046875,2.4553158283233643,-111.83518981933594
3525,191.54165649414062,110.07672882080078,2.455686092376709,-121.37943267822266
3527,190.65060424804688,109.14436340332031,2.456117868423462,-129.94178771972656
3529,189.75958251953125,108.35648345947266,2.4585793018341064,-135.08737182617188
3531,188.92796325683594,107.68045043945312,2.458793878555298,-138.2416229248047
3533,188.10707092285156,107.04341888427734,2.4572417736053467,-140.4196319580078
3535,187.2053985595703,106.3807601928711,2.4547834396362305,-143.18548583984375
3537,186.16366577148438,105.89140319824219,2.4543068408966064,-152.48756408691406
3539,185.0193328857422,105.67388153076172,2.455007314682007,-163.5873565673828
3541,183.82464599609375,105.53782653808594,2.455535411834717,-169.4882049560547
3543,182.6254119873047,105.44383239746094,2.456064462661743,-173.24374389648438
3545,181.44241333007812,105.38526916503906,2.4564332962036133,-175.6575469970703
3547,180.27989196777344,105.34899139404297,2.4566173553466797,-177.19773864746094
3549,179.1387481689453,105.3262939453125,2.456702470779419,-178.17935180664062
3551,178.01858520507812,105.31190490722656,2.4567339420318604,-178.80706787109375
3553,176.91786193847656,105.30266571044922,2.456692695617676,-179.21412658691406
3556,175.20004272460938,105.29375457763672,2.454987049102783,-179.62550354003906
3555,175.79244995117188,105.29618072509766,2.455483913421631,-179.5145263671875
3557,174.59429931640625,105.2918701171875,2.4548850059509277,-179.71182250976562
3559,173.36476135253906,105.28944396972656,2.4553046226501465,-179.822998046875
3561,172.138916015625,105.28813934326172,2.4559974670410156,-179.88356018066406
3563,170.93478393554688,105.28742218017578,2.456465005874634,-179.9215087890625
3565,169.75436401367188,105.28701782226562,2.45668363571167,-179.94448852539062
3567,168.59649658203125,105.28677368164062,2.456728458404541,-179.96119689941406
3569,167.41819763183594,105.2863540649414,2.4555511474609375,-179.99734497070312
3571,166.14193725585938,105.28614044189453,2.454380512237549,179.97662353515625
3573,164.8349609375,105.28651428222656,2.4553146362304688,179.9837188720703
3575,163.53363037109375,105.2867431640625,2.455897569656372,179.99050903320312
3577,162.17379760742188,105.28659057617188,2.454021453857422,179.9622039794922
3579,160.6162872314453,105.28679656982422,2.452022075653076,179.9225616455078
3581,158.86573791503906,105.28782653808594,2.4513533115386963,179.90382385253906
3583,156.93455505371094,105.28937530517578,2.4512414932250977,179.89817810058594
3584,155.90403747558594,105.29022979736328,2.451265573501587,179.8979034423828
3585,154.83148193359375,105.29113006591797,2.4513120651245117,179.89845275878906
3586,153.71762084960938,105.29207611083984,2.451368570327759,179.89947509765625
3587,152.56312561035156,105.29304504394531,2.4514288902282715,179.9008026123047
3588,151.36865234375,105.29402923583984,2.451488733291626,179.9021453857422
3589,150.13478088378906,105.2950439453125,2.451547145843506,179.90345764160156
3590,148.86204528808594,105.29605865478516,2.4516026973724365,179.90469360351562
3591,147.55145263671875,105.297119140625,2.4516961574554443,179.90615844726562
3592,146.226806640625,105.29832458496094,2.452739953994751,179.92596435546875
3593,144.904296875,105.29943084716797,2.45390248298645,179.9542694091797
3594,143.58534240722656,105.30020141601562,2.454759120941162,179.97775268554688
3595,142.26986694335938,105.30060577392578,2.455329656600952,179.992919921875
3596,140.95668029785156,105.30075073242188,2.455625295639038,179.999755859375
3597,139.6197052001953,105.30055236816406,2.454758405685425,179.98191833496094
3598,138.24447631835938,105.30040740966797,2.453758478164673,179.95372009277344
3599,136.83062744140625,105.30062866210938,2.4530484676361084,179.92959594726562
3600,135.37913513183594,105.30127716064453,2.452608585357666,179.91421508789062
3601,133.89097595214844,105.30224609375,2.452357769012451,179.90692138671875
3602,132.36705017089844,105.30343627929688,2.452225923538208,179.90542602539062
3603,130.80812072753906,105.30469512939453,2.4521658420562744,179.90704345703125
3604,129.21475219726562,105.30598449707031,2.452147960662842,179.90968322753906
3605,127.58750915527344,105.3072509765625,2.4521543979644775,179.91229248046875
3606,125.92684173583984,105.30852508544922,2.4521732330322266,179.91432189941406
3607,124.23316955566406,105.30977630615234,2.4521992206573486,179.9156494140625
3608,122.50688934326172,105.31101989746094,2.4522275924682617,179.9164276123047
3609,120.74834442138672,105.31232452392578,2.452256917953491,179.91693115234375
3610,118.95787811279297,105.31361389160156,2.4522862434387207,179.9172821044922
3611,117.13582611083984,105.31491088867188,2.4523141384124756,179.9176025390625
3612,115.2919921875,105.31629943847656,2.45284104347229,179.92686462402344
3613,113.44940185546875,105.31778717041016,2.4538862705230713,179.9537811279297
3614,111.61133575439453,105.31893920898438,2.454735279083252,179.98214721679688
3615,109.77798461914062,105.31959533691406,2.4553184509277344,-179.99746704101562
3616,107.94916534423828,105.31979370117188,2.4556989669799805,-179.9873809814453
3617,106.11209106445312,105.3195571899414,2.455303192138672,-179.99754333496094
3618,104.24462890625,105.31916046142578,2.4543979167938232,179.97125244140625
3619,102.34556579589844,105.31910705566406,2.4537031650543213,179.93931579589844
3621,98.45684051513672,105.32076263427734,2.4530234336853027,179.9082489013672
3620,100.41592407226562,105.31965637207031,2.4532690048217773,179.91754150390625
3622,96.46927642822266,105.32222747802734,2.4528968334198,179.90875244140625
3623,94.45393371582031,105.32384490966797,2.45284104347229,179.9144744873047
3624,92.41143035888672,105.32546997070312,2.452824831008911,179.9214630126953
3625,90.34222412109375,105.32701873779297,2.4528300762176514,179.92706298828125
3626,88.24666595458984,105.32846069335938,2.4528450965881348,179.93038940429688
3627,86.12510681152344,105.329833984375,2.4528648853302,179.93154907226562
3628,83.97779083251953,105.33119201660156,2.452885150909424,179.93121337890625
3629,81.80500030517578,105.33251953125,2.4529054164886475,179.93038940429688
3630,79.60693359375,105.33385467529297,2.4529244899749756,179.92958068847656
3631,77.38380432128906,105.33522033691406,2.452942132949829,179.92913818359375
3632,75.1364974975586,105.33663940429688,2.453000068664551,179.92974853515625
3633,72.87110137939453,105.33810424804688,2.4532816410064697,179.93592834472656
3634,70.5958480834961,105.33956909179688,2.4537665843963623,179.94973754882812
3635,68.32011413574219,105.34092712402344,2.454457998275757,179.97125244140625
3636,66.0496597290039,105.3419418334961,2.4550974369049072,179.99383544921875
3637,63.78493118286133,105.34249114990234,2.4555532932281494,-179.9900665283203
3638,61.52582550048828,105.34258270263672,2.455854654312134,-179.98301696777344
3639,59.27217483520508,105.34237670898438,2.4560487270355225,-179.98345947265625
3640,57.03739547729492,105.3421859741211,2.4567840099334717,-179.97515869140625
3641,54.83077621459961,105.34193420410156,2.4574851989746094,-179.95941162109375
3642,52.64310073852539,105.34136199951172,2.4576122760772705,-179.9532012939453
3643,50.46138000488281,105.3404541015625,2.4572255611419678,-179.964599609375
3644,48.275672912597656,105.3395004272461,2.4565951824188232,-179.98931884765625
3645,46.08530044555664,105.33883666992188,2.4562644958496094,179.98724365234375
3646,43.92709732055664,105.3388671875,2.457528829574585,179.99600219726562
3647,41.8439826965332,105.33936309814453,2.45978045463562,-179.9680633544922
3648,39.85380554199219,105.3399658203125,2.461885690689087,-179.9147491455078
3649,37.96485900878906,105.340576171875,2.4635674953460693,-179.8402862548828
3650,36.18197250366211,105.34107208251953,2.464844226837158,-179.74501037597656
3651,34.508033752441406,105.34134674072266,2.4657907485961914,-179.6329345703125
3652,32.94240951538086,105.34125518798828,2.4663383960723877,-179.5133056640625
3653,31.458370208740234,105.33921813964844,2.4656457901000977,-179.466796875
3654,30.009977340698242,105.33354949951172,2.4639155864715576,-179.56785583496094
3655,28.578880310058594,105.32730102539062,2.4619650840759277,-179.72158813476562
3656,27.15039825439453,105.32247924804688,2.460148334503174,-179.86265563964844
3657,25.722904205322266,105.31965637207031,2.458831787109375,-179.9580535888672
3658,24.30609893798828,105.31856536865234,2.458463191986084,-179.99981689453125
3659,22.94913101196289,105.31867980957031,2.4600436687469482,-179.980712890625
3660,21.689735412597656,105.3193359375,2.46221661567688,-179.93080139160156
3661,20.532392501831055,105.32018280029297,2.4638562202453613,-179.86509704589844
3662,19.480207443237305,105.321044921875,2.4650423526763916,-179.7876739501953
3664,17.697580337524414,105.32255554199219,2.46647047996521,-179.62451171875
3666,16.295269012451172,105.32186889648438,2.465348720550537,-179.57510375976562
3668,15.001670837402344,105.31696319580078,2.461300849914551,-179.72317504882812
3670,13.70797061920166,105.31354522705078,2.4583942890167236,-179.84027099609375
3672,12.393478393554688,105.31156158447266,2.4571049213409424,-179.91212463378906
3674,11.053929328918457,105.3104476928711,2.456362247467041,-179.95529174804688
3676,9.694453239440918,105.30992126464844,2.4562854766845703,-179.97720336914062
3678,8.338005065917969,105.30962371826172,2.456498146057129,-179.98902893066406
3680,6.990147590637207,105.30947875976562,2.4568440914154053,-179.98776245117188
3682,5.760766506195068,105.30974578857422,2.4590227603912354,-179.95152282714844
3684,4.654931545257568,105.30933380126953,2.459052562713623,-179.9565887451172
3686,3.600656270980835,105.38352966308594,2.457153797149658,176.00767517089844
3688,2.5081393718719482,105.6608657836914,2.4546632766723633,169.3214111328125
3690,1.342004418373108,106.04794311523438,2.4541375637054443,164.29141235351562
3692,0.15091408789157867,106.49934387207031,2.454782485961914,160.93663024902344
3694,-1.031061053276062,106.98346710205078,2.45564341545105,158.83815002441406
3696,-2.1796140670776367,107.48805236816406,2.456094264984131,156.4300079345703
3698,-3.166205644607544,108.15279388427734,2.4562389850616455,148.03384399414062
3700,-4.006856441497803,108.96466827392578,2.4565374851226807,140.410888671875
3702,-4.773711681365967,109.82203674316406,2.456737518310547,135.23472595214844
3703,-5.1375627517700195,110.25760650634766,2.456763744354248,133.3334197998047
3705,-5.835578918457031,111.13340759277344,2.4567577838897705,130.52676391601562
3707,-6.491838455200195,112.01258850097656,2.4565324783325195,127.5804443359375
3709,-6.948410511016846,112.98367309570312,2.4553422927856445,118.34501647949219
3711,-7.210013389587402,114.1146240234375,2.4538967609405518,107.58861541748047
3713,-7.29031229019165,115.36031341552734,2.4542229175567627,99.12196350097656
3715,-7.369044780731201,116.67082977294922,2.4546828269958496,95.46176147460938
3717,-7.420010089874268,117.998291015625,2.4554269313812256,93.26437377929688
3719,-7.4492363929748535,119.31292724609375,2.4561288356781006,91.95484924316406
3721,-7.465827465057373,120.60255432128906,2.456562042236328,91.18212127685547
3723,-7.475396633148193,121.8644027709961,2.4567840099334717,90.72489929199219
3725,-7.481011390686035,123.09830474853516,2.456883192062378,90.451904296875
3727,-7.484350204467773,124.30500030517578,2.4569156169891357,90.286865234375
3729,-7.4863481521606445,125.4857177734375,2.456911325454712,90.18570709228516
3731,-7.4875359535217285,126.64186096191406,2.45688796043396,90.1228256225586
3733,-7.488223552703857,127.77488708496094,2.456855297088623,90.0831298828125
3735,-7.4885993003845215,128.88626098632812,2.4568190574645996,90.05764770507812
3737,-7.48893404006958,129.98809814453125,2.456329107284546,90.02422332763672
3739,-7.489236831665039,131.1533660888672,2.455021858215332,89.99231719970703
3741,-7.48913049697876,132.37245178222656,2.455056667327881,89.98365783691406
3743,-7.488743782043457,133.60406494140625,2.4556567668914795,89.99452209472656
3745,-7.488361835479736,134.81996154785156,2.4562768936157227,90.00011444091797
3747,-7.488037586212158,136.01242065429688,2.456601619720459,90.00394439697266
3749,-7.487771511077881,137.18121337890625,2.456742286682129,90.00647735595703
3751,-7.4875407218933105,138.32704162597656,2.456791877746582,90.00796508789062
3753,-7.4873270988464355,139.4509735107422,2.456796646118164,90.00871276855469
3755,-7.4871439933776855,140.55484008789062,2.4567368030548096,90.00628662109375
3757,-7.48722505569458,141.68283081054688,2.4555208683013916,89.9794692993164
3759,-7.487104415893555,142.88307189941406,2.454914093017578,89.96978759765625
3761,-7.486692428588867,144.1143341064453,2.4553239345550537,89.97803497314453
3763,-7.486204147338867,145.34202575683594,2.456005096435547,89.99156188964844
3765,-7.485794544219971,146.54794311523438,2.456472158432007,89.9985122680664
3767,-7.485472202301025,147.73001098632812,2.4566900730133057,90.0030517578125
3769,-7.485206604003906,148.8886260986328,2.4567770957946777,90.0058822631836
3771,-7.484972953796387,150.02467346191406,2.4568004608154297,90.00748443603516
3773,-7.484757423400879,151.13929748535156,2.4567925930023193,90.0083236694336
3775,-7.484704494476318,152.24440002441406,2.4563186168670654,89.99199676513672
3777,-7.484738826751709,153.41265869140625,2.455024003982544,89.97196960449219
3779,-7.484455585479736,154.63433837890625,2.4550631046295166,89.97115325927734
3781,-7.483959197998047,155.86830139160156,2.455662488937378,89.98683166503906
3783,-7.483511924743652,157.08644104003906,2.456280469894409,89.9953384399414
3785,-7.48314905166626,158.28106689453125,2.4566049575805664,90.00099182128906
3787,-7.482859134674072,159.45193481445312,2.4567456245422363,90.004638671875
3789,-7.482612133026123,160.59970092773438,2.4567952156066895,90.00679779052734
3791,-7.482388973236084,161.7254180908203,2.4568002223968506,90.00796508789062
3793,-7.482202053070068,162.83096313476562,2.456740140914917,90.0058364868164
3795,-7.482278823852539,163.96044921875,2.4555258750915527,89.97923278808594
3797,-7.482155799865723,165.1619110107422,2.4549198150634766,89.96969604492188
3799,-7.4817423820495605,166.39427185058594,2.455329179763794,89.97808074951172
3801,-7.481253623962402,167.62290954589844,2.4560089111328125,89.99154663085938
3803,-7.480843544006348,168.82969665527344,2.4564743041992188,89.9985122680664
3805,-7.480522155761719,170.01263427734375,2.4566915035247803,90.0030517578125
3807,-7.480014324188232,171.16493225097656,2.457181692123413,90.02452850341797
3810,-7.47870397567749,172.49789428710938,2.4611034393310547,90.05941772460938
3934,-7.479061126708984,173.69927978515625,2.451200485229492,90.0644760131836
3938,-7.479622840881348,175.031005859375,2.4508469104766846,89.9942855834961
3941,-7.4772772789001465,176.48753356933594,2.4517550468444824,89.85897827148438
3944,-7.468904972076416,178.16123962402344,2.4545962810516357,89.75132751464844
3943,-7.471906661987305,177.60423278808594,2.4536919593811035,89.77590942382812
3945,-7.465845584869385,178.7162628173828,2.4552032947540283,89.73175048828125
3946,-7.462745666503906,179.26956176757812,2.4555962085723877,89.71591186523438
3948,-7.456333637237549,180.45811462402344,2.4534692764282227,89.65250396728516
3950,-7.448079586029053,181.8413848876953,2.452200412750244,89.60247039794922
3951,-7.443287372589111,182.5840606689453,2.452385663986206,89.59538269042969
3953,-7.433115005493164,184.12954711914062,2.4533581733703613,89.60113525390625
3955,-7.422762393951416,185.7226104736328,2.4543118476867676,89.61550903320312
3957,-7.41249942779541,187.3439483642578,2.454951524734497,89.62834930419922
3959,-7.402336120605469,188.9857635498047,2.455319404602051,89.6374740600586
3961,-7.392222881317139,190.6448516845703,2.4555163383483887,89.64336395263672
3963,138.11842346191406,188.12342834472656,2.200000047683716,179.95350646972656
3965,138.11996459960938,189.53697204589844,2.467400074005127,179.95269775390625
3968,138.08396911621094,190.7147216796875,2.4622161388397217,179.65223693847656
3973,137.03683471679688,190.74012756347656,2.4507901668548584,177.6046905517578
3976,135.72955322265625,190.7864990234375,2.4502949714660645,176.86134338378906
3978,134.61904907226562,190.85142517089844,2.451366424560547,176.44918823242188
3980,133.3391571044922,190.93638610839844,2.4516477584838867,176.1365509033203
3982,131.94822692871094,191.03439331054688,2.45279860496521,175.9508819580078
3984,130.5124053955078,191.1384735107422,2.454257011413574,175.8585662841797
3986,129.07647705078125,191.2438507080078,2.455486536026001,175.81747436523438
3988,127.66310119628906,191.3480682373047,2.4563000202178955,175.79891967773438
3990,126.28065490722656,191.4500732421875,2.4567501544952393,175.78707885742188
3992,124.9321060180664,191.54962158203125,2.4569904804229736,175.78506469726562
3994,123.64747619628906,191.72669982910156,2.456804037094116,171.35215759277344
3996,122.58200073242188,192.19349670410156,2.4576573371887207,159.5672607421875
4100,121.58214569091797,192.23194885253906,2.4532387256622314,135.472412109375
4323,120.57923889160156,192.27784729003906,2.488236904144287,101.58910369873047
4525,119.82575988769531,192.93739318847656,2.5048646926879883,66.47093200683594
4526,119.82164001464844,192.9437713623047,2.504854440689087,66.22761535644531
4678,119.5374755859375,193.90899658203125,2.5063278675079346,33.89799499511719
4799,120.0260238647461,194.7922821044922,2.537130117416382,5.873858451843262
4821,121.15642547607422,194.93878173828125,2.5396838188171387,-3.0275580883026123
4860,136.1084747314453,194.1468505859375,2.200000047683716,-89.8385009765625
4867,136.73080444335938,193.11260986328125,2.4538071155548096,-67.12178039550781
4870,137.92640686035156,192.42477416992188,2.4528560638427734,-42.10481643676758
4872,138.99485778808594,192.04173278808594,2.4554738998413086,-28.450401306152344
4875,140.697509765625,191.7106475830078,2.456796407699585,-14.179158210754395
4874,140.12205505371094,191.79034423828125,2.4566147327423096,-18.21985626220703
4876,141.31155395507812,191.65234375,2.4553489685058594,-10.498430252075195
4878,142.7154998779297,191.59950256347656,2.4528074264526367,-4.238221168518066
4880,144.29067993164062,191.6312255859375,2.4527082443237305,0.1496034562587738
4882,145.95753479003906,191.68331909179688,2.4534738063812256,0.86165452003479
4884,147.61749267578125,191.70034790039062,2.4559872150421143,0.48484864830970764
4886,149.2217559814453,191.70651245117188,2.4565072059631348,0.24654118716716766
4888,150.82431030273438,191.70912170410156,2.456230640411377,0.11626874655485153
4890,152.43841552734375,191.7101287841797,2.4559686183929443,0.04759468510746956
4892,154.05979919433594,191.71034240722656,2.4560546875,0.016330435872077942
4894,155.67568969726562,191.71023559570312,2.4562008380889893,0.0028771802317351103
4896,157.273193359375,191.70985412597656,2.4569623470306396,0.007359198294579983
4898,158.72084045410156,191.70944213867188,2.4592719078063965,0.04542464017868042
4900,160.02688598632812,191.70960998535156,2.4595019817352295,0.05439828336238861
4902,161.24818420410156,191.7099609375,2.4587886333465576,0.04724262282252312
4904,162.42198181152344,191.7102508544922,2.457973003387451,0.04552628844976425
4906,163.5614013671875,191.71038818359375,2.4575307369232178,0.035966258496046066
4908,164.669189453125,191.7104034423828,2.4572548866271973,0.02730981633067131
4910,165.7613983154297,191.71038818359375,2.4566121101379395,0.0043158577755093575
4912,166.91395568847656,191.71046447753906,2.4551689624786377,-0.02227783016860485
4914,168.1204071044922,191.71017456054688,2.455115795135498,-0.02685546688735485
4916,169.33868408203125,191.70956420898438,2.4557130336761475,-0.014007568359375
4918,170.54034423828125,191.708984375,2.4562981128692627,-0.007629394065588713
4920,171.71951293945312,191.70846557617188,2.4565958976745605,-0.0031738278921693563
4922,172.81942749023438,191.70741271972656,2.4586737155914307,0.04451014846563339
4926,173.8810577392578,191.72735595703125,2.4657535552978516,-1.284820556640625
5144,175.05043029785156,191.7181854248047,2.4509246349334717,-0.9171140789985657
5147,176.24752807617188,191.71006774902344,2.450868606567383,-0.6309815049171448
5149,177.26112365722656,191.70504760742188,2.4517769813537598,-0.4669799506664276
5151,178.37486267089844,191.68820190429688,2.45357346534729,-1.34869384765625
5153,179.47174072265625,191.57833862304688,2.455047607421875,-4.264223575592041
5155,180.57325744628906,191.42544555664062,2.454866647720337,-6.449925899505615
5157,181.84190368652344,191.22621154785156,2.452366828918457,-8.201210021972656
5159,183.26910400390625,190.9818878173828,2.4522767066955566,-9.36487865447998
5161,184.78407287597656,190.708984375,2.4532790184020996,-10.026717185974121
5162,185.56028747558594,190.5661163330078,2.4538042545318604,-10.227492332458496
5165,187.93321228027344,190.12356567382812,2.4549190998077393,-10.531904220581055
5164,187.13626098632812,190.2727813720703,2.4546303749084473,-10.466536521911621
5166,188.72874450683594,189.961669921875,2.4549858570098877,-11.75041389465332
5168,190.20126342773438,189.4304962158203,2.4552433490753174,-20.832141876220703
5170,191.35276794433594,188.5690155029297,2.4558095932006836,-35.452239990234375
5172,192.1257781982422,187.45033264160156,2.4561915397644043,-51.42394256591797
5174,192.6275177001953,186.18646240234375,2.4563934803009033,-63.70043182373047
5176,192.9582977294922,184.89991760253906,2.457986831665039,-71.66629028320312
5178,193.171630859375,183.72523498535156,2.4591546058654785,-76.43280029296875
5180,193.32708740234375,182.62649536132812,2.4586291313171387,-79.53356170654297
5182,193.45510864257812,181.53970336914062,2.4569036960601807,-81.68706512451172
5184,193.58566284179688,180.3748779296875,2.455418586730957,-82.22930145263672
5186,193.72555541992188,179.1660919189453,2.4550116062164307,-83.89256286621094
5188,193.78558349609375,177.93560791015625,2.4555304050445557,-86.15655517578125
5190,193.81915283203125,176.71676635742188,2.4561429023742676,-87.59384155273438
5192,193.83932495117188,175.5182647705078,2.4564971923828125,-88.48603820800781
5194,193.851806640625,174.34207153320312,2.4566779136657715,-89.04029846191406
5196,193.85964965820312,173.1884307861328,2.4567604064941406,-89.38668823242188
5198,193.86463928222656,172.0568389892578,2.4567887783050537,-89.60493469238281
5200,193.86788940429688,170.94561767578125,2.45674467086792,-89.74254608154297
5202,193.87020874023438,169.81015014648438,2.455481767654419,-89.8464584350586
5204,193.8717803955078,168.5679473876953,2.4541103839874268,-89.93898010253906
5206,193.87203979492188,167.28567504882812,2.4551191329956055,-89.97283172607422
5208,193.87208557128906,166.0089569091797,2.4558002948760986,-89.99016571044922
5210,193.87228393554688,164.68614196777344,2.4542288780212402,-90.02855682373047
5212,193.8720245361328,163.16737365722656,2.452078104019165,-90.07833862304688
5214,193.87071228027344,161.4528045654297,2.45133638381958,-90.10446166992188
5216,193.86875915527344,159.55551147460938,2.4512059688568115,-90.1150894165039
5217,193.86764526367188,158.54135131835938,2.4512290954589844,-90.11697387695312
5218,193.86648559570312,157.4848175048828,2.4512765407562256,-90.11746215820312
5219,193.865234375,156.3866729736328,2.4513351917266846,-90.11700439453125
5220,193.86392211914062,155.24765014648438,2.4513978958129883,-90.11605072021484
5221,193.86260986328125,154.06838989257812,2.451460599899292,-90.11487579345703
5222,193.86129760742188,152.84945678710938,2.4515209197998047,-90.11359405517578
5223,193.85987854003906,151.5914764404297,2.4515786170959473,-90.1123046875
5224,193.85845947265625,150.29493713378906,2.4516327381134033,-90.11113739013672
5225,193.85687255859375,148.97853088378906,2.452521800994873,-90.0952377319336
5226,193.85533142089844,147.66366577148438,2.453721761703491,-90.067138671875
5227,193.85411071777344,146.3522491455078,2.454633951187134,-90.04244232177734
5228,193.85330200195312,145.04429626464844,2.4552481174468994,-90.02590942382812
5229,193.8527374267578,143.73960876464844,2.4556453227996826,-90.01693725585938
5230,193.85250854492188,142.4167022705078,2.4549355506896973,-90.03050994873047
5232,193.8517303466797,139.65631103515625,2.4531402587890625,-90.08333587646484
5231,193.85232543945312,141.055908203125,2.45390248298645,-90.05816650390625
5233,193.85073852539062,138.219482421875,2.452702045440674,-90.0996322631836
5234,193.849365234375,136.75233459472656,2.4526889324188232,-90.1031494140625
5235,193.84771728515625,135.27127075195312,2.4534547328948975,-90.0877685546875
5236,193.84584045410156,133.82652282714844,2.4559412002563477,-90.03756713867188
5237,193.84405517578125,132.46121215820312,2.45898699760437,-89.97183990478516
5238,193.8424530029297,131.19029235839844,2.4614968299865723,-89.89581298828125
5239,193.84104919433594,130.0202178955078,2.463357925415039,-89.8104248046875
5240,193.83987426757812,128.9545440673828,2.464797258377075,-89.72076416015625
5242,193.83831787109375,127.14126586914062,2.4664595127105713,-89.55510711669922
5244,193.83946228027344,125.693359375,2.4651529788970947,-89.53640747070312
5246,193.84500122070312,124.320556640625,2.460785388946533,-89.72337341308594
5248,193.8483123779297,122.94507598876953,2.4584100246429443,-89.84827423095703
5250,193.84982299804688,121.57732391357422,2.457793951034546,-89.91293334960938
5252,193.85044860839844,120.26786804199219,2.457911968231201,-89.9436264038086
5254,193.85093688964844,118.97345733642578,2.457181930541992,-89.97718048095703
5256,193.8511505126953,117.66669464111328,2.456338405609131,-89.99712371826172
5258,193.76759338378906,116.36071014404297,2.4556360244750977,-94.39822387695312
5260,193.44723510742188,115.08402252197266,2.455083131790161,-101.72791290283203
5262,193.0207977294922,113.80326080322266,2.4556283950805664,-105.56271362304688
5264,192.61080932617188,112.50357055664062,2.4558324813842773,-106.57513427734375
5266,192.180419921875,111.21178436279297,2.4556570053100586,-109.34410095214844
5268,191.52151489257812,110.10454559326172,2.4559264183044434,-119.17049407958984
5270,190.66490173339844,109.16791534423828,2.4563302993774414,-128.31515502929688
5272,189.80130004882812,108.38212585449219,2.4586448669433594,-133.88499450683594
5274,188.98153686523438,107.70179748535156,2.4584550857543945,-137.40426635742188
5276,188.1345977783203,107.03511810302734,2.45624041557312,-139.94393920898438
5278,187.18939208984375,106.33496856689453,2.4544384479522705,-142.97088623046875
5280,186.12461853027344,105.82915496826172,2.454608917236328,-152.40919494628906
5282,184.97650146484375,105.60877990722656,2.455458164215088,-163.51988220214844
5284,183.79095458984375,105.4735107421875,2.4559438228607178,-169.38909912109375
5286,182.6100311279297,105.38016510009766,2.456343412399292,-173.1246795654297
5288,181.44639587402344,105.32142639160156,2.456562042236328,-175.54234313964844
5290,180.30274963378906,105.28460693359375,2.4566650390625,-177.0985107421875
5292,179.1796112060547,105.26127624511719,2.456709861755371,-178.0994415283203
5294,178.0757598876953,105.24632263183594,2.4566779136657715,-178.7488250732422
5296,176.94741821289062,105.23601531982422,2.4554779529571533,-179.2135772705078
5298,175.74664306640625,105.22911071777344,2.454885244369507,-179.52369689941406
5300,174.5148468017578,105.22501373291016,2.455308675765991,-179.70660400390625
5302,173.28717041015625,105.22272491455078,2.456002950668335,-179.81190490722656
5304,172.08126831054688,105.2214126586914,2.4564671516418457,-179.87686157226562
5306,170.8990936279297,105.22063446044922,2.4566845893859863,-179.9163055419922
5308,169.74026489257812,105.22018432617188,2.456773281097412,-179.94070434570312
5310,168.60325622558594,105.21990203857422,2.456754207611084,-179.9586944580078
5312,167.44418334960938,105.21946716308594,2.45552659034729,-179.9962615966797
5314,166.18466186523438,105.21924591064453,2.4543397426605225,179.97698974609375
5316,164.8939208984375,105.2196044921875,2.4552953243255615,179.98385620117188
5318,163.60879516601562,105.2198486328125,2.4558894634246826,179.99049377441406
5320,162.26475524902344,105.21969604492188,2.454008102416992,179.9620819091797
5322,160.72239685058594,105.21990203857422,2.452007293701172,179.92242431640625
5324,158.98648071289062,105.22093200683594,2.451340675354004,179.90370178222656
5326,157.06948852539062,105.22245025634766,2.4512312412261963,179.89805603027344
5327,156.04595947265625,105.22332000732422,2.451256275177002,179.89776611328125
5328,154.98028564453125,105.22421264648438,2.451303720474243,179.89830017089844
5329,153.8732452392578,105.22515106201172,2.4513604640960693,179.89935302734375
5330,152.7255096435547,105.22611999511719,2.4514212608337402,179.90066528320312
5331,151.5377197265625,105.22708892822266,2.451481580734253,179.9020233154297
5332,150.31044006347656,105.22810363769531,2.451539993286133,179.9033203125
5333,149.04425048828125,105.22911834716797,2.4515960216522217,179.90455627441406
5334,147.74012756347656,105.23015594482422,2.4516899585723877,179.9060516357422
5335,146.42196655273438,105.23135375976562,2.4527359008789062,179.9258575439453
5336,145.10592651367188,105.23246002197266,2.45389986038208,179.95413208007812
5337,143.7934112548828,105.23320770263672,2.4547572135925293,179.9775848388672
5338,142.48435974121094,105.23362731933594,2.4553284645080566,179.9927215576172
5339,141.17758178710938,105.23377990722656,2.4556243419647217,179.99949645996094
5340,139.8469696044922,105.23358154296875,2.454756498336792,179.98179626464844
5341,138.47805786132812,105.23343658447266,2.4537558555603027,179.9536590576172
5342,137.0704803466797,105.23365783691406,2.453045129776001,179.92965698242188
5343,135.6251678466797,105.23430633544922,2.4526054859161377,179.91433715820312
5344,134.14317321777344,105.23526763916016,2.4523544311523438,179.90707397460938
5345,132.62539672851562,105.23644256591797,2.4522223472595215,179.90550231933594
5346,131.072509765625,105.23770141601562,2.452162265777588,179.90704345703125
5347,129.48519897460938,105.2389907836914,2.4521443843841553,179.90966796875
5348,127.86392974853516,105.24026489257812,2.452150344848633,179.91226196289062
5349,126.20919036865234,105.24153137207031,2.45216965675354,179.91424560546875
5350,124.52140045166016,105.24278259277344,2.452195405960083,179.91554260253906
5351,122.80096435546875,105.24403381347656,2.452224016189575,179.91635131835938
5352,121.0482177734375,105.24532318115234,2.4522533416748047,179.91685485839844
5353,119.26349639892578,105.24661254882812,2.452282428741455,179.91720581054688
5354,117.44712829589844,105.24789428710938,2.452310562133789,179.91754150390625
5355,115.60896301269531,105.24929809570312,2.45283842086792,179.9268341064453
5356,113.77201843261719,105.25077056884766,2.4538846015930176,179.9537353515625
5357,111.93956756591797,105.2519302368164,2.4547340869903564,179.98207092285156
5358,110.11185455322266,105.25257873535156,2.455317735671997,-179.99758911132812
5359,108.28865051269531,105.25277709960938,2.455698251724243,-179.98751831054688
5360,106.4571533203125,105.25254821777344,2.4553024768829346,-179.99765014648438
5361,104.59525299072266,105.25214385986328,2.4543967247009277,179.97120666503906
5362,102.70174407958984,105.2520980834961,2.453701972961426,179.9393768310547
5363,100.77760314941406,105.25264739990234,2.4532675743103027,179.9176483154297
5364,98.82398223876953,105.25373840332031,2.45302152633667,179.9083709716797
5365,96.84184265136719,105.25520324707031,2.452895164489746,179.9088592529297
5366,94.8319320678711,105.25682067871094,2.4528393745422363,179.91448974609375
5367,92.79479217529297,105.25843811035156,2.4528229236602783,179.9214324951172
5368,90.7309341430664,105.2599868774414,2.4528279304504395,179.92701721191406
5369,88.64070129394531,105.26142120361328,2.452843189239502,179.93028259277344
5370,86.52442932128906,105.26278686523438,2.4528627395629883,179.9314422607422
5371,84.38237762451172,105.26412963867188,2.452883243560791,179.93116760253906
5372,82.21479034423828,105.26545715332031,2.4529032707214355,179.93035888671875
5373,80.02190399169922,105.26679229736328,2.4529221057891846,179.92953491210938
5374,77.80391693115234,105.26815032958984,2.4529402256011963,179.92913818359375
5375,75.56172943115234,105.26956939697266,2.4529976844787598,179.92974853515625
5376,73.30142211914062,105.27103424072266,2.453279733657837,179.93588256835938
5377,71.0312271118164,105.27249908447266,2.4537646770477295,179.94969177246094
5378,68.76052856445312,105.27384185791016,2.4544565677642822,179.97120666503906
5379,66.49508666992188,105.27486419677734,2.455096483230591,179.9937744140625
5380,64.23536682128906,105.27540588378906,2.455552339553833,-179.99014282226562
5381,61.98125457763672,105.27550506591797,2.4558541774749756,-179.98306274414062
5382,59.732566833496094,105.27530670166016,2.4560484886169434,-179.98353576660156
5383,57.50271987915039,105.27510833740234,2.456782817840576,-179.97520446777344
5384,55.30098342895508,105.27487182617188,2.4574825763702393,-179.95945739746094
5385,53.11811447143555,105.27430725097656,2.4576079845428467,-179.95335388183594
5386,50.94112014770508,105.27339935302734,2.4572198390960693,-179.96481323242188
5387,48.76005172729492,105.27243041992188,2.4565885066986084,-179.98951721191406
5388,46.568363189697266,105.271728515625,2.455916166305542,179.98175048828125
5389,44.36746597290039,105.27156066894531,2.455636739730835,179.9618682861328
5390,42.19508743286133,105.27212524414062,2.4569895267486572,179.9771728515625
5391,40.0955924987793,105.27306365966797,2.4593570232391357,-179.9793243408203
5392,38.087791442871094,105.27400970458984,2.461568593978882,-179.91851806640625
5393,36.18048858642578,105.27486419677734,2.4633352756500244,-179.83688354492188
5394,34.37879943847656,105.2755355834961,2.464676856994629,-179.7348175048828
5395,32.685794830322266,105.27590942382812,2.4656715393066406,-179.61668395996094
5396,31.100996017456055,105.27584075927734,2.4662561416625977,-179.49183654785156
5397,29.59806251525879,105.27371978759766,2.4656007289886475,-179.443603515625
5398,28.12596893310547,105.2677001953125,2.463596820831299,-179.55703735351562
5399,26.65821647644043,105.26103973388672,2.461348533630371,-179.73114013671875
5400,25.191314697265625,105.25608825683594,2.4596447944641113,-179.88031005859375
5401,23.734664916992188,105.25341796875,2.45898699760437,-179.96832275390625
5402,22.33733367919922,105.25263214111328,2.460361957550049,-179.9821319580078
5403,21.03857421875,105.25273895263672,2.4624767303466797,-179.9564666748047
5404,19.845731735229492,105.25328826904297,2.4641573429107666,-179.9054718017578
5405,18.761213302612305,105.25405883789062,2.465352773666382,-179.83433532714844
5407,16.920454025268555,105.25576782226562,2.466726064682007,-179.66500854492188
5409,15.467286109924316,105.25544738769531,2.4657044410705566,-179.59710693359375
5411,14.130199432373047,105.25067901611328,2.461516857147217,-179.73744201660156
5413,12.797358512878418,105.24739837646484,2.458728790283203,-179.84725952148438
5415,11.444074630737305,105.24554443359375,2.4571468830108643,-179.9168243408203
5417,10.065258979797363,105.2446060180664,2.4563851356506348,-179.95953369140625
5419,8.667936325073242,105.24422454833984,2.4563071727752686,-179.98223876953125
5421,7.274069786071777,105.24408721923828,2.4565012454986572,-179.98971557617188
5423,5.888464450836182,105.24401092529297,2.456780195236206,-179.99034118652344
5425,4.622015476226807,105.2442855834961,2.458951473236084,-179.95326232910156
5427,3.5025739669799805,105.3183364868164,2.4589340686798096,176.0977783203125
5429,2.483341693878174,105.57453918457031,2.4577367305755615,169.90992736816406
5431,1.4416996240615845,105.91445922851562,2.455559492111206,165.17074584960938
5433,0.3082970678806305,106.33328247070312,2.45412540435791,161.62411499023438
5435,-0.87886643409729,106.8106689453125,2.4544050693511963,159.23699951171875
5437,-2.0666427612304688,107.32781219482422,2.455075979232788,156.58848571777344
5439,-3.096363067626953,108.01658630371094,2.4556660652160645,147.91453552246094
5441,-3.97326922416687,108.86446380615234,2.4561824798583984,140.0224609375
5443,-4.7717413902282715,109.76473236083984,2.4565799236297607,134.75025939941406
5445,-5.516922950744629,110.68099975585938,2.4567313194274902,131.31788635253906
5447,-6.223949432373047,111.5985107421875,2.4567718505859375,129.1027374267578
5449,-6.823378086090088,112.53663635253906,2.4565489292144775,123.29808807373047
5451,-7.142053127288818,113.5487060546875,2.456237316131592,112.41838073730469
5453,-7.262574672698975,114.66309356689453,2.4550440311431885,103.29521179199219
5454,-7.326761722564697,115.2717056274414,2.4542078971862793,100.55224609375
5456,-7.429498195648193,116.5688247680664,2.453831434249878,96.42965698242188
5458,-7.492864608764648,117.91797637939453,2.4545905590057373,93.80097961425781
5460,-7.528641700744629,119.27348327636719,2.4555132389068604,92.23241424560547
5462,-7.548398971557617,120.6108169555664,2.4562315940856934,91.31932067871094
5464,-7.559394836425781,121.92035675048828,2.456648111343384,90.79022216796875
5466,-7.565640926361084,123.20018005371094,2.456853151321411,90.48185729980469
5468,-7.569254398345947,124.45051574707031,2.456939220428467,90.29984283447266
5470,-7.571368217468262,125.67230224609375,2.4569613933563232,90.19088745117188
5472,-7.57260274887085,126.8669662475586,2.456949472427368,90.12454986572266
5474,-7.573308944702148,128.0360565185547,2.456920862197876,90.08348083496094
5476,-7.573690414428711,129.1810760498047,2.4568841457366943,90.05767822265625
5478,-7.573870658874512,130.30360412597656,2.4568448066711426,90.0411148071289
5480,-7.573942184448242,131.40582275390625,2.456761121749878,90.02759552001953
5482,-7.574193954467773,132.5320587158203,2.455531358718872,89.99317932128906
5484,-7.574192523956299,133.730712890625,2.454915761947632,89.9782943725586
5486,-7.573855400085449,134.96054077148438,2.455322504043579,89.98338317871094
5488,-7.573410511016846,136.1868133544922,2.4560046195983887,89.99479675292969
5490,-7.57302713394165,137.39134216308594,2.4564712047576904,90.00049591064453
5492,-7.572720050811768,138.5720977783203,2.456688404083252,90.00428009033203
5494,-7.572464942932129,139.7294921875,2.456774950027466,90.00664520263672
5496,-7.572239398956299,140.86439514160156,2.4567980766296387,90.00796508789062
5498,-7.572028160095215,141.97793579101562,2.4567904472351074,90.00859832763672
5500,-7.571976184844971,143.08203125,2.4563162326812744,89.99211883544922
5502,-7.572011470794678,144.24945068359375,2.4550204277038574,89.97203063964844
5504,-7.5717291831970215,145.4704132080078,2.455059766769409,89.97117614746094
5506,-7.571232795715332,146.7037353515625,2.4556596279144287,89.98682403564453
5508,-7.570785999298096,147.9213409423828,2.4562788009643555,89.99537658691406
5510,-7.570422649383545,149.1154022216797,2.45660400390625,90.00098419189453
5512,-7.570132732391357,150.2857208251953,2.45674467086792,90.0046157836914
5514,-7.569885730743408,151.43301391601562,2.456794023513794,90.00680541992188
5516,-7.569662094116211,152.55825805664062,2.4567995071411133,90.00798797607422
5518,-7.569476127624512,153.6634063720703,2.4567391872406006,90.00584411621094
5520,-7.569552421569824,154.79251098632812,2.455524444580078,89.97927856445312
5522,-7.569430351257324,155.9936981201172,2.454918146133423,89.96968841552734
5524,-7.569016456604004,157.22573852539062,2.4553279876708984,89.9780502319336
5526,-7.568527698516846,158.45413208007812,2.456007719039917,89.99154663085938
5528,-7.568117618560791,159.6607208251953,2.4564738273620605,89.9985122680664
5530,-7.567796230316162,160.8434295654297,2.456691026687622,90.00304412841797
5532,-7.567531108856201,162.00265502929688,2.456778049468994,90.0058822631836
5534,-7.56729793548584,163.13926696777344,2.456801414489746,90.0074691772461
5536,-7.567082405090332,164.25440979003906,2.456793785095215,90.00829315185547
5538,-7.567028522491455,165.3600616455078,2.456319808959961,89.99199676513672
5540,-7.567062854766846,166.52874755859375,2.4550256729125977,89.97199249267578
5542,-7.566778182983398,167.75076293945312,2.4550647735595703,89.97119903564453
5544,-7.566283226013184,168.98501586914062,2.4556641578674316,89.98684692382812
5546,-7.565835952758789,170.20346069335938,2.4562811851501465,89.99537658691406
5548,-7.565251350402832,171.39117431640625,2.4570119380950928,90.01827239990234
5551,-7.556176662445068,172.73106384277344,2.4622843265533447,90.69174194335938
5720,130.10687255859375,192.12994384765625,2.200000047683716,-0.046478271484375
5748,131.3125,192.12918090820312,2.4508965015411377,-0.103912353515625
5752,132.99549865722656,192.1258087158203,2.450878620147705,-0.1630859076976776
5751,132.50987243652344,192.12696838378906,2.450852632522583,-0.1467284858226776
5753,133.52359008789062,192.12440490722656,2.4517629146575928,-0.1802978515625
5755,134.64022827148438,192.12071228027344,2.4536972045898438,-0.191131591796875
5757,135.7522735595703,192.1167755126953,2.4552066326141357,-0.19097900390625
5758,136.3055419921875,192.11483764648438,2.455598831176758,-0.1908263862133026
5760,137.49412536621094,192.1111602783203,2.4534711837768555,-0.2304687649011612
5762,138.8773651123047,192.1059112548828,2.4521992206573486,-0.280731201171875
5764,140.38491821289062,192.09857177734375,2.4528257846832275,-0.3104857802391052
5766,141.9578094482422,192.08993530273438,2.4538657665252686,-0.3273009955883026
5768,143.5664825439453,192.08062744140625,2.4546687602996826,-0.3378296196460724
5770,145.19859313964844,192.07164001464844,2.4551727771759033,-0.2919006049633026
5772,146.84922790527344,192.0673370361328,2.4554460048675537,-0.1658019870519638
5774,148.51588439941406,192.06532287597656,2.4556169509887695,-0.091796875
5776,150.12353515625,192.06393432617188,2.4575891494750977,-0.021148681640625
5778,151.67379760742188,192.06375122070312,2.4571144580841064,-0.010162352584302425
5780,153.17591857910156,192.0634002685547,2.458225727081299,0.015799814835190773
5782,154.52130126953125,192.06326293945312,2.4594578742980957,0.04411837458610535
5784,155.75738525390625,192.06350708007812,2.459104061126709,0.04634017124772072
5786,156.9322967529297,192.0637969970703,2.4582884311676025,0.04845842719078064
5788,158.06675720214844,192.06398010253906,2.457738161087036,0.038320425897836685
5790,159.1684112548828,192.06402587890625,2.4573287963867188,0.026914704591035843
5792,160.28514099121094,192.06419372558594,2.4559056758880615,-0.007598876021802425
5794,161.47108459472656,192.0641632080078,2.4551055431365967,-0.02355957217514515
5796,162.68711853027344,192.06369018554688,2.455437660217285,-0.015899658203125
5798,163.89602661132812,192.06309509277344,2.4560928344726562,-0.009063720703125
5800,165.0839385986328,192.06256103515625,2.4564905166625977,-0.00433349609375
5802,166.24945068359375,192.06214904785156,2.456676721572876,-0.0010986329289153218
5804,167.39273071289062,192.06179809570312,2.4567525386810303,0.0009731355821713805
5806,168.5145263671875,192.06153869628906,2.456773042678833,0.002153444103896618
5808,169.61659240722656,192.0613250732422,2.456721782684326,2.351233342778869e-05
5810,170.7430877685547,192.06134033203125,2.4555084705352783,-0.0265808068215847
5812,171.94216918945312,192.06106567382812,2.454904317855835,-0.0361328125
5814,173.10958862304688,192.06015014648438,2.4575417041778564,0.004748200066387653
5817,174.24267578125,192.0457305908203,2.463569402694702,1.0008703470230103
6049,175.28407287597656,192.04502868652344,2.4510018825531006,1.1090532541275024
6052,176.34983825683594,192.0537872314453,2.450834274291992,0.709793746471405
6055,177.80650329589844,192.0608367919922,2.4517533779144287,0.36310815811157227
6057,178.91246032714844,192.0056915283203,2.4534988403320312,-2.562988758087158
6059,180.00204467773438,191.854248046875,2.455047607421875,-5.838962554931641
6061,181.09620666503906,191.6662139892578,2.4548678398132324,-8.178414344787598
6063,182.3559112548828,191.4252471923828,2.452359676361084,-10.053082466125488
6065,183.77259826660156,191.13241577148438,2.4522671699523926,-11.303850173950195
6067,185.27601623535156,190.80691528320312,2.453270435333252,-12.01848316192627
6069,186.8246612548828,190.46360778808594,2.454253911972046,-12.389178276062012
6070,187.60975646972656,190.2880096435547,2.4546258449554443,-12.494830131530762
6072,189.14566040039062,189.8500213623047,2.4548771381378174,-17.362863540649414
6073,189.83596801757812,189.51856994628906,2.4551291465759277,-22.869733810424805
6075,190.9546661376953,188.6150360107422,2.4554808139801025,-37.5536994934082
6077,191.7284393310547,187.44708251953125,2.45558500289917,-52.91386032104492
6079,192.25936889648438,186.142578125,2.4560282230377197,-64.01768493652344
6081,192.64303588867188,184.78622436523438,2.4564692974090576,-71.22532653808594
6083,192.917724609375,183.51608276367188,2.458772659301758,-75.35115814208984
6085,193.12855529785156,182.35897827148438,2.4589951038360596,-77.8349838256836
6087,193.30810546875,181.2645721435547,2.4583334922790527,-79.41706085205078
6089,193.51524353027344,180.1829071044922,2.456796169281006,-78.69031524658203
6091,193.70083618164062,179.02503967285156,2.454847574234009,-81.27454376220703
6093,193.786865234375,177.79605102539062,2.4547603130340576,-84.49042510986328
6095,193.83636474609375,176.55067443847656,2.4555141925811768,-86.58394622802734
6097,193.86587524414062,175.31851196289062,2.456146717071533,-87.87821960449219
6099,193.8837127685547,174.1071319580078,2.4565062522888184,-88.6744613647461
6101,193.8946075439453,172.9186248779297,2.4566917419433594,-89.16522216796875
6103,193.90147399902344,171.75335693359375,2.456777334213257,-89.46967315673828
6105,193.90586853027344,170.60052490234375,2.4563748836517334,-89.66033172607422
6107,193.9090118408203,169.37939453125,2.454721212387085,-89.81786346435547
6109,193.91053771972656,168.07760620117188,2.4548392295837402,-89.91045379638672
6111,193.9110565185547,166.7760467529297,2.4556710720062256,-89.95339965820312
6113,193.91128540039062,165.4716033935547,2.4555039405822754,-89.98540496826172
6115,193.9115753173828,164.0178680419922,2.4528002738952637,-90.049560546875
6117,193.91075134277344,162.3644256591797,2.4515745639801025,-90.0904541015625
6119,193.90907287597656,160.52452087402344,2.4512550830841064,-90.10948181152344
6121,193.9069061279297,158.50865173339844,2.4512627124786377,-90.11602020263672
6122,193.9057159423828,157.4371337890625,2.4513092041015625,-90.11666870117188
6123,193.9044647216797,156.32432556152344,2.4513661861419678,-90.11634063720703
6124,193.90313720703125,155.17086791992188,2.4514267444610596,-90.11541748046875
6125,193.90185546875,153.97743225097656,2.4514870643615723,-90.11428833007812
6126,193.90049743652344,152.7445526123047,2.451545238494873,-90.11306762695312
6127,193.89906311035156,151.47279357910156,2.451601028442383,-90.11188507080078
6128,193.8976593017578,150.16319274902344,2.451694965362549,-90.11034393310547
6129,193.89602661132812,148.8395538330078,2.4527392387390137,-90.09053802490234
6130,193.89454650878906,147.51803588867188,2.453902006149292,-90.06224822998047
6131,193.89341735839844,146.20004272460938,2.454758644104004,-90.03875732421875
6132,193.89260864257812,144.8855438232422,2.455329418182373,-90.02362060546875
6133,193.89208984375,143.57333374023438,2.455625057220459,-90.01678466796875
6134,193.8918914794922,142.23733520507812,2.4547581672668457,-90.0345458984375
6135,193.89166259765625,140.86306762695312,2.4537577629089355,-90.06273651123047
6136,193.89100646972656,139.4508514404297,2.4530882835388184,-90.08633422851562
6137,193.88992309570312,138.00743103027344,2.452911853790283,-90.09683227539062
6138,193.8884735107422,136.5422821044922,2.453144073486328,-90.09269714355469
6139,193.8868865966797,135.07095336914062,2.4540457725524902,-90.07183074951172
6140,193.8851776123047,133.64187622070312,2.4565298557281494,-90.0189208984375
6141,193.88351440429688,132.29537963867188,2.4594762325286865,-89.95183563232422
6142,193.88204956054688,131.0449676513672,2.4618725776672363,-89.87476348876953
6143,193.8807373046875,129.8963623046875,2.4636354446411133,-89.78935241699219
6144,193.879638671875,128.8526611328125,2.464996337890625,-89.70088195800781
6146,193.87823486328125,127.08387756347656,2.466552972793579,-89.54119873046875
6147,193.87799072265625,126.35456085205078,2.4667468070983887,-89.48748016357422
6149,193.88246154785156,125.01254272460938,2.4627342224121094,-89.62743377685547
6151,193.886962890625,123.67774200439453,2.4593076705932617,-89.78738403320312
6153,193.88931274414062,122.34085845947266,2.4577488899230957,-89.88308715820312
6155,193.89024353027344,121.0465316772461,2.4580767154693604,-89.92027282714844
6157,193.89077758789062,119.7898178100586,2.4575140476226807,-89.94799041748047
6159,193.8910369873047,118.52938079833984,2.4566590785980225,-89.97940826416016
6161,193.8909912109375,117.24693298339844,2.456028699874878,-90.00234985351562
6163,193.8078155517578,115.96047973632812,2.455392360687256,-94.391845703125
6165,193.490966796875,114.70018005371094,2.4549849033355713,-101.65160369873047
6167,193.0567169189453,113.4354248046875,2.455045461654663,-106.71510314941406
6169,192.57395935058594,112.16046905517578,2.4557857513427734,-108.61956024169922
6171,192.1149139404297,110.89737701416016,2.4559152126312256,-110.84083557128906
6173,191.4457244873047,109.81372833251953,2.4560322761535645,-120.16911315917969
6175,190.62362670898438,108.93069458007812,2.4579925537109375,-128.45806884765625
6177,189.82623291015625,108.20616912841797,2.4588963985443115,-133.60633850097656
6179,189.033203125,107.54304504394531,2.4574930667877197,-137.17250061035156
6181,188.1604461669922,106.85192108154297,2.4549829959869385,-139.87648010253906
6183,187.1741943359375,106.2110595703125,2.454366445541382,-146.39170837402344
6185,186.06405639648438,105.83717346191406,2.4548251628875732,-156.87608337402344
6187,184.8891143798828,105.61426544189453,2.455510139465332,-164.7443084716797
6189,183.7057647705078,105.4742431640625,2.4561307430267334,-170.04515075683594
6191,182.53390502929688,105.38681030273438,2.4564526081085205,-173.52963256835938
6193,181.37969970703125,105.33214569091797,2.456606149673462,-175.79119873046875
6195,180.24520874023438,105.29765319824219,2.4566783905029297,-177.25070190429688
6197,179.1307830810547,105.27572631835938,2.456709146499634,-178.192626953125
6199,178.025146484375,105.26130676269531,2.45625901222229,-178.82681274414062
6201,176.85598754882812,105.25123596191406,2.4549827575683594,-179.27679443359375
6204,175.01544189453125,105.24279022216797,2.455310106277466,-179.65304565429688
6203,175.63336181640625,105.244873046875,2.4550371170043945,-179.5612030029297
6205,174.39881896972656,105.24121856689453,2.455657958984375,-179.722900390625
6207,173.1804656982422,105.23912811279297,2.456275701522827,-179.82244873046875
6209,171.98550415039062,105.2379150390625,2.4565985202789307,-179.88272094726562
6211,170.81419372558594,105.23719787597656,2.456740379333496,-179.91966247558594
6213,169.66595458984375,105.23676300048828,2.456791639328003,-179.94268798828125
6215,168.5390167236328,105.23651123046875,2.4567549228668213,-179.95999145507812
6217,167.38909912109375,105.23606872558594,2.45550799369812,-179.99728393554688
6219,166.134521484375,105.23582458496094,2.4541478157043457,179.9736785888672
6221,164.84054565429688,105.23619842529297,2.455134630203247,179.9808349609375
6223,163.5520782470703,105.23648071289062,2.4558019638061523,179.98870849609375
6225,162.2176971435547,105.23637390136719,2.454230546951294,179.9654541015625
6227,160.6879425048828,105.23650360107422,2.45208740234375,179.92422485351562
6229,158.9628143310547,105.23749542236328,2.451347827911377,179.90406799316406
6231,157.0552978515625,105.23899841308594,2.451215982437134,179.8978271484375
6232,156.03616333007812,105.23986053466797,2.4512381553649902,179.89739990234375
6233,154.97470092773438,105.24076080322266,2.451284885406494,179.89791870117188
6234,153.87167358398438,105.24170684814453,2.451342821121216,179.89895629882812
6235,152.72781372070312,105.24266052246094,2.4514048099517822,179.90025329589844
6236,151.54379272460938,105.24363708496094,2.4514665603637695,179.9016876220703
6237,150.32017517089844,105.24465942382812,2.4515271186828613,179.9029998779297
6238,149.05755615234375,105.24565887451172,2.4515843391418457,179.904296875
6239,147.7564239501953,105.2467041015625,2.4516382217407227,179.90545654296875
6240,146.43544006347656,105.24787902832031,2.4525253772735596,179.92135620117188
6241,145.11598205566406,105.24905395507812,2.453723669052124,179.949462890625
6242,143.8000030517578,105.24989318847656,2.4546353816986084,179.97418212890625
6243,142.48753356933594,105.25035095214844,2.455249071121216,179.99075317382812
6244,141.17828369140625,105.25053405761719,2.45564603805542,179.9997100830078
6245,139.85086059570312,105.25039672851562,2.454936981201172,179.98606872558594
6246,138.485595703125,105.25020599365234,2.453904390335083,179.95835876464844
6247,137.08155822753906,105.25035858154297,2.4531426429748535,179.93312072753906
6248,135.6396484375,105.25092315673828,2.4526636600494385,179.91619873046875
6249,134.16090393066406,105.2518539428711,2.4523868560791016,179.90777587890625
6250,132.64622497558594,105.25298309326172,2.4522385597229004,179.90545654296875
6251,131.0963592529297,105.25425720214844,2.452169418334961,179.90664672851562
6252,129.51199340820312,105.25552368164062,2.452146291732788,179.90919494628906
6253,127.8935775756836,105.2568130493164,2.4521493911743164,179.911865234375
6254,126.24166107177734,105.25807189941406,2.45216703414917,179.91395568847656
6255,124.55664825439453,105.25933074951172,2.4521920680999756,179.91539001464844
6256,122.83893585205078,105.26058197021484,2.4522202014923096,179.9163055419922
6257,121.08887481689453,105.26187133789062,2.45224928855896,179.9168243408203
6258,119.30681610107422,105.2631607055664,2.4522786140441895,179.9171905517578
6259,117.49305725097656,105.26445007324219,2.4523074626922607,179.91751098632812
6260,115.65386199951172,105.26581573486328,2.45267915725708,179.92356872558594
6261,113.813720703125,105.26730346679688,2.4537179470062256,179.94879150390625
6262,111.97789764404297,105.2685317993164,2.454612970352173,179.97779846191406
6263,110.14682006835938,105.2692642211914,2.4552369117736816,179.9998016357422
6264,108.3203125,105.26953125,2.45564603805542,-179.98841857910156
6265,106.48992919921875,105.26937103271484,2.455444574356079,-179.99374389648438
6266,104.63075256347656,105.26895141601562,2.4545390605926514,179.97694396972656
6267,102.7398910522461,105.26882934570312,2.453798770904541,179.94415283203125
6268,100.8182373046875,105.26929473876953,2.453325033187866,179.92034912109375
6269,98.866943359375,105.27031707763672,2.4530534744262695,179.90907287597656
6270,96.88697814941406,105.27173614501953,2.452910900115967,179.90821838378906
6271,94.879150390625,105.27334594726562,2.452845811843872,179.913330078125
6272,92.84403228759766,105.27497863769531,2.4528250694274902,179.92031860351562
6273,90.7821044921875,105.27652740478516,2.452827215194702,179.92623901367188
6274,88.69379425048828,105.27798461914062,2.4528415203094482,179.92994689941406
6275,86.57939910888672,105.27936553955078,2.4528603553771973,179.93142700195312
6276,84.43919372558594,105.28072357177734,2.452880620956421,179.93128967285156
6277,82.2734375,105.28205108642578,2.4529008865356445,179.93051147460938
6278,80.08235931396484,105.28339385986328,2.4529199600219727,179.92970275878906
6279,77.86615753173828,105.28474426269531,2.4529380798339844,179.92921447753906
6280,75.625732421875,105.28616333007812,2.452996253967285,179.92974853515625
6281,73.36717987060547,105.28762817382812,2.453278064727783,179.9358367919922
6282,71.0987319946289,105.28909301757812,2.4537627696990967,179.9495849609375
6283,68.82976531982422,105.29043579101562,2.454455614089966,179.9711151123047
6284,66.56604766845703,105.29145050048828,2.4550957679748535,179.9937286376953
6285,64.30803680419922,105.29199981689453,2.455551862716675,-179.9901885986328
6286,62.05562210083008,105.29209899902344,2.4558539390563965,-179.98306274414062
6287,59.80865478515625,105.29190063476562,2.456048011779785,-179.98353576660156
6288,57.58051300048828,105.29169464111328,2.456782579421997,-179.9752197265625
6289,55.38046646118164,105.29146575927734,2.4574813842773438,-179.95947265625
6290,53.19925308227539,105.2908935546875,2.457606554031372,-179.95343017578125
6291,51.02388000488281,105.28998565673828,2.4572176933288574,-179.9649200439453
6292,48.844398498535156,105.28902435302734,2.4565863609313965,-179.9896240234375
6293,46.65428924560547,105.28831481933594,2.455913782119751,179.981689453125
6294,44.4549446105957,105.28815460205078,2.455634593963623,179.9618377685547
6295,42.28409957885742,105.2887191772461,2.4569876194000244,179.9771728515625
6296,40.18613052368164,105.28965759277344,2.459355592727661,-179.9793243408203
6297,38.17985153198242,105.29060363769531,2.4615678787231445,-179.91856384277344
6298,36.27406311035156,105.29146575927734,2.463334560394287,-179.83688354492188
6299,34.473880767822266,105.29212951660156,2.4646761417388916,-179.7349090576172
6300,32.782379150390625,105.29248809814453,2.4656710624694824,-179.61680603027344
6301,31.199073791503906,105.29242706298828,2.4662554264068604,-179.49203491210938
6302,29.697593688964844,105.29029846191406,2.465599298477173,-179.4439697265625
6303,28.22691535949707,105.28429412841797,2.463594436645508,-179.5574188232422
6304,26.760570526123047,105.27763366699219,2.4613466262817383,-179.73133850097656
6305,25.29507064819336,105.272705078125,2.4596433639526367,-179.88021850585938
6306,23.839826583862305,105.27002716064453,2.458986759185791,-179.96812438964844
6307,22.44390869140625,105.26924896240234,2.4603614807128906,-179.9818878173828
6308,21.146556854248047,105.26935577392578,2.4624764919281006,-179.95620727539062
6309,19.955108642578125,105.2698974609375,2.4641566276550293,-179.90521240234375
6310,18.87196922302246,105.27066802978516,2.4653520584106445,-179.8341827392578
6312,17.03390884399414,105.27237701416016,2.4667246341705322,-179.66506958007812
6314,15.583284378051758,105.27204895019531,2.465693235397339,-179.5974578857422
6316,14.248501777648926,105.26730346679688,2.461512327194214,-179.73764038085938
6318,12.91776180267334,105.26400756835938,2.4587156772613525,-179.84786987304688
6320,11.566306114196777,105.26215362548828,2.4571404457092285,-179.91831970214844
6322,10.188796997070312,105.26116943359375,2.456373453140259,-179.96078491210938
6324,8.792491912841797,105.26075744628906,2.4563002586364746,-179.98069763183594
6326,7.39965295791626,105.26061248779297,2.456498146057129,-179.9889678955078
6328,6.015141010284424,105.26052856445312,2.456822395324707,-179.98992919921875
6330,4.749756813049316,105.26081085205078,2.4589548110961914,-179.95298767089844
6332,3.6315133571624756,105.33480834960938,2.458934783935547,176.099609375
6334,2.613517999649048,105.5906982421875,2.457752227783203,169.91773986816406
6336,1.5733126401901245,105.93006896972656,2.4555611610412598,165.18182373046875
6338,0.4410637319087982,106.34833526611328,2.454122304916382,161.6346893310547
6340,-0.7451505661010742,106.82520294189453,2.4544007778167725,159.24542236328125
6342,-1.9321098327636719,107.34187316894531,2.4550721645355225,156.59475708007812
6344,-2.9611458778381348,108.03020477294922,2.4556643962860107,147.92115783691406
6346,-3.8375749588012695,108.87755584716797,2.456181526184082,140.03115844726562
6347,-4.244503498077393,109.32400512695312,2.4564156532287598,137.1172637939453
6349,-5.0136332511901855,110.23422241210938,2.456676483154297,132.85653686523438
6351,-5.7379045486450195,111.15182495117188,2.4567582607269287,130.09568786621094
6353,-6.417945384979248,112.07014465332031,2.4566168785095215,127.21830749511719
6355,-6.878500938415527,113.04619598388672,2.456467628479004,118.29515075683594
6357,-7.123672962188721,114.11022186279297,2.4554646015167236,108.12808990478516
6359,-7.205215930938721,115.28715515136719,2.4544296264648438,99.91981506347656
6360,-7.252039432525635,115.92216491699219,2.4540066719055176,97.73008728027344
6362,-7.32611083984375,117.24742126464844,2.454211711883545,94.61857604980469
6364,-7.370519638061523,118.6007080078125,2.455066680908203,92.71357727050781
6366,-7.3952860832214355,119.947265625,2.455893039703369,91.59851837158203
6368,-7.408998012542725,121.2697525024414,2.456461191177368,90.95086669921875
6370,-7.416703701019287,122.56330108642578,2.4567623138427734,90.57496643066406
6372,-7.421119689941406,123.82722473144531,2.4569015502929688,90.35450744628906
6374,-7.4236884117126465,125.06214904785156,2.4569525718688965,90.22348022460938
6376,-7.425187587738037,126.26932525634766,2.456955909729004,90.14437866210938
6378,-7.426052570343018,127.4501953125,2.4569342136383057,90.09576416015625
6380,-7.42653226852417,128.60629272460938,2.4569013118743896,90.06543731689453
6382,-7.426772117614746,129.73919677734375,2.4568631649017334,90.04610443115234
6384,-7.426860809326172,130.85040283203125,2.4568233489990234,90.03356170654297
6386,-7.427007675170898,131.95204162597656,2.456331491470337,90.00847625732422
6388,-7.427179336547852,133.11717224121094,2.4550230503082275,89.98231506347656
6390,-7.426985263824463,134.33609008789062,2.455056667327881,89.97750091552734
6392,-7.426546573638916,135.56756591796875,2.4556567668914795,89.99070739746094
6394,-7.4261322021484375,136.78334045410156,2.4562768936157227,89.99773406982422
6396,-7.425787925720215,137.9756622314453,2.456601619720459,90.00244903564453
6398,-7.425510883331299,139.14431762695312,2.456742286682129,90.0055160522461
6400,-7.425271034240723,140.2900390625,2.456791639328003,90.00733947753906
6402,-7.425052165985107,141.41384887695312,2.456796407699585,90.00831604003906
6404,-7.424868106842041,142.51759338378906,2.4567368030548096,90.00603485107422
6406,-7.424946308135986,143.64549255371094,2.4555203914642334,89.97933197021484
6408,-7.4248247146606445,144.8456268310547,2.45491361618042,89.96968841552734
6410,-7.424412727355957,146.07684326171875,2.4553236961364746,89.97797393798828
6412,-7.423923015594482,147.30450439453125,2.4560048580169678,89.99151611328125
6414,-7.423513412475586,148.51034545898438,2.456472158432007,89.9985122680664
6416,-7.423192024230957,149.69236755371094,2.4566900730133057,90.00302124023438
6418,-7.42292594909668,150.85092163085938,2.4567770957946777,90.0058364868164
6420,-7.42269229888916,151.9869384765625,2.4568002223968506,90.00747680664062
6422,-7.4224772453308105,153.1015167236328,2.4567925930023193,90.00829315185547
6424,-7.42242431640625,154.20660400390625,2.4563183784484863,89.99198913574219
6426,-7.422457695007324,155.37481689453125,2.455024003982544,89.97196960449219
6428,-7.422174453735352,156.59646606445312,2.4550631046295166,89.97113037109375
6430,-7.421678066253662,157.8303985595703,2.455662488937378,89.98682403564453
6432,-7.421230792999268,159.04852294921875,2.45628023147583,89.99537658691406
6434,-7.420868396759033,160.24313354492188,2.4566049575805664,90.00100708007812
6436,-7.420578479766846,161.41395568847656,2.4567456245422363,90.004638671875
6438,-7.4203314781188965,162.5617218017578,2.4567952156066895,90.00677490234375
6440,-7.420107841491699,163.6874542236328,2.4568002223968506,90.00796508789062
6442,-7.419920921325684,164.79299926757812,2.456740140914917,90.00582122802734
6444,-7.4199981689453125,165.92247009277344,2.4555258750915527,89.97923278808594
6446,-7.419874668121338,167.1239471435547,2.4549198150634766,89.96969604492188
6448,-7.419461727142334,168.35630798339844,2.455329179763794,89.97808074951172
6450,-7.418972492218018,169.58493041992188,2.4560089111328125,89.99154663085938
6452,-7.418562412261963,170.79173278808594,2.4564743041992188,89.9985122680664
6454,-7.4175944328308105,171.9181671142578,2.4586410522460938,90.0462875366211
6457,-7.400721073150635,172.9479522705078,2.4642038345336914,91.18545532226562
6565,138.11842346191406,188.12342834472656,2.200000047683716,179.95350646972656
6654,136.92625427246094,188.12339782714844,2.450915575027466,179.92320251464844
6657,135.73358154296875,188.12403869628906,2.450857639312744,179.91238403320312
6659,134.72291564941406,188.1247100830078,2.451765775680542,179.90782165527344
6661,133.60935974121094,188.12571716308594,2.453700065612793,179.92874145507812
6663,132.5003662109375,188.1265411376953,2.4552083015441895,179.9533233642578
6665,131.38232421875,188.12689208984375,2.45499324798584,179.95828247070312
6667,130.09336853027344,188.1269073486328,2.4524989128112793,179.9222412109375
6669,128.64170837402344,188.1277313232422,2.4523890018463135,179.91773986816406
6671,127.09928131103516,188.1288604736328,2.453360080718994,179.93411254882812
6673,125.50923919677734,188.12977600097656,2.4543120861053467,179.9530487060547
6675,123.89085388183594,188.13043212890625,2.4549505710601807,179.96746826171875
6678,121.42581939697266,188.13096618652344,2.4554312229156494,179.97991943359375
6677,122.2519302368164,188.13079833984375,2.455317497253418,179.9767608642578
6679,120.59556579589844,188.131103515625,2.4555139541625977,179.98228454589844
6681,118.93981170654297,188.13148498535156,2.456427574157715,179.99850463867188
6683,117.38202667236328,188.1316680908203,2.4574453830718994,-179.97865295410156
6685,115.84097290039062,188.13131713867188,2.457080125808716,-179.9835968017578
6687,114.42084503173828,188.13137817382812,2.4591081142425537,-179.94837951660156
6689,113.13975524902344,188.1310272216797,2.4593923091888428,-179.9378204345703
6691,111.9408950805664,188.13046264648438,2.458695888519287,-179.94154357910156
6693,110.78884887695312,188.13002014160156,2.457974672317505,-179.94407653808594
6695,109.67394256591797,188.1296844482422,2.4575355052948,-179.9544219970703
6697,108.57870483398438,188.12942504882812,2.456801414489746,-179.97842407226562
6699,107.42640686035156,188.12905883789062,2.4552903175354004,179.9928741455078
6701,106.22132873535156,188.12904357910156,2.455183982849121,179.98789978027344
6703,105.0062484741211,188.12942504882812,2.4557769298553467,179.99900817871094
6705,103.80836486816406,188.12974548339844,2.4563233852386475,-179.99545288085938
6707,102.632568359375,188.13003540039062,2.4566006660461426,-179.99154663085938
6709,101.4791488647461,188.13018798828125,2.4567227363586426,-179.9889373779297
6711,100.34756469726562,188.13031005859375,2.4567666053771973,-179.98736572265625
6713,99.23692321777344,188.1304473876953,2.456770658493042,-179.98651123046875
6715,98.13533782958984,188.13037109375,2.456300973892212,179.99705505371094
6717,96.9699478149414,188.1301727294922,2.4550065994262695,179.97706604003906
6719,95.75067901611328,188.13038635253906,2.4550485610961914,179.9762725830078
6721,94.51873016357422,188.13079833984375,2.4556498527526855,179.9920654296875
6723,93.30236053466797,188.13116455078125,2.4562735557556152,-179.999267578125
6725,92.10948944091797,188.13148498535156,2.4566009044647217,-179.9936065673828
6727,90.94033813476562,188.13165283203125,2.456743001937866,-179.98997497558594
6729,89.7941665649414,188.1317901611328,2.4567925930023193,-179.98776245117188
6731,88.66995239257812,188.13192749023438,2.4567973613739014,-179.98658752441406
6733,87.56582641601562,188.13194274902344,2.456737518310547,-179.98870849609375
6734,87.01151275634766,188.13186645507812,2.4563164710998535,179.99740600585938
6736,85.84397888183594,188.1316680908203,2.4550211429595947,179.97735595703125
6738,84.6229476928711,188.13189697265625,2.4550604820251465,179.9765625
6740,83.3895263671875,188.13232421875,2.455660104751587,179.99224853515625
6742,82.171875,188.13267517089844,2.4562790393829346,-179.99916076660156
6744,80.97774505615234,188.1329803466797,2.45660400390625,-179.99349975585938
6746,79.80735778808594,188.13316345214844,2.456744909286499,-179.98988342285156
6748,78.66002655029297,188.13330078125,2.456794261932373,-179.98768615722656
6750,77.53471374511719,188.13343811035156,2.4567995071411133,-179.9865264892578
6752,76.4295425415039,188.13345336914062,2.456739664077759,-179.98867797851562
6754,75.30039978027344,188.13323974609375,2.4555246829986572,179.9846954345703
6756,74.09918975830078,188.13327026367188,2.454918384552002,179.97515869140625
6758,72.86709594726562,188.13360595703125,2.4553282260894775,179.9835662841797
6760,71.63865661621094,188.1339874267578,2.456007957458496,179.99705505371094
6762,70.43205261230469,188.13433837890625,2.4564738273620605,-179.99600219726562
6764,69.24931335449219,188.1345977783203,2.456691026687622,-179.99143981933594
6766,68.0900650024414,188.13473510742188,2.4567782878875732,-179.98861694335938
6768,66.95340728759766,188.13487243652344,2.456801652908325,-179.98699951171875
6770,65.83822631835938,188.13497924804688,2.456793785095215,-179.98619079589844
6772,64.74053192138672,188.1351318359375,2.4567794799804688,-179.9785919189453
6775,63.39958190917969,188.13589477539062,2.4601449966430664,-179.97125244140625
7104,62.30746078491211,188.1355438232422,2.4515435695648193,-179.9767608642578
7108,61.154056549072266,188.1352081298828,2.450862407684326,179.97569274902344
7111,59.82639694213867,188.13546752929688,2.450881242752075,179.94415283203125
7113,58.740501403808594,188.13601684570312,2.4525201320648193,179.93690490722656
7115,57.62479019165039,188.1348419189453,2.4546351432800293,-179.8925323486328
7117,56.51696014404297,188.1217498779297,2.455634117126465,-179.51815795898438
7119,55.32884979248047,188.102294921875,2.4534976482391357,-179.27561950683594
7121,53.94609832763672,188.07720947265625,2.452220916748047,-179.1036834716797
7123,52.43902587890625,188.04827880859375,2.4528422355651855,-178.9743194580078
7124,51.65858459472656,188.03271484375,2.453368663787842,-178.92587280273438
7126,50.06595993041992,188.00010681152344,2.4543185234069824,-178.85702514648438
7128,48.44508743286133,187.96612548828125,2.4549553394317627,-178.8163299560547
7130,46.80375289916992,187.93118286132812,2.4553213119506836,-178.79345703125
7132,45.145111083984375,187.89559936523438,2.455517530441284,-178.78086853027344
7134,43.48713302612305,187.85997009277344,2.4564294815063477,-178.76097106933594
7136,41.92711639404297,187.82626342773438,2.457446575164795,-178.73684692382812
7139,39.65155792236328,187.77671813964844,2.4582245349884033,-178.72418212890625
7138,40.38385772705078,187.79248046875,2.457080841064453,-178.74267578125
7140,38.96159744262695,187.76177978515625,2.459110975265503,-178.70889282226562
7142,37.678585052490234,187.73370361328125,2.459397554397583,-178.70262145996094
7144,36.47809982299805,187.7074432373047,2.458702564239502,-178.71282958984375
7146,35.32456588745117,187.6824188232422,2.4579784870147705,-178.72132873535156
7148,34.20802688598633,187.666259765625,2.4575042724609375,-179.0731964111328
7150,33.11119842529297,187.6587677001953,2.4567809104919434,-179.3979949951172
7151,32.54400634765625,187.65597534179688,2.455885171890259,-179.53060913085938
7153,31.35816764831543,187.65194702148438,2.4550914764404297,-179.71951293945312
7155,30.14230728149414,187.649658203125,2.455430746078491,-179.82273864746094
7157,28.933732986450195,187.64837646484375,2.4560890197753906,-179.88453674316406
7159,27.746105194091797,187.64767456054688,2.456486701965332,-179.9219207763672
7162,26.00659942626953,187.6471405029297,2.456721544265747,-179.9525604248047
7161,26.580862045288086,187.64727783203125,2.4566736221313477,-179.94468688964844
7163,25.43780517578125,187.64706420898438,2.4567503929138184,-179.95887756347656
7165,24.316186904907227,187.64703369140625,2.4567716121673584,-179.9679412841797
7167,23.21428871154785,187.64697265625,2.4567205905914307,-179.9766082763672
7169,22.08793830871582,187.64663696289062,2.455507278442383,179.99237060546875
7171,20.888994216918945,187.6465606689453,2.4549036026000977,179.97982788085938
7173,19.658794403076172,187.64686584472656,2.4553163051605225,179.98619079589844
7175,18.431947708129883,187.6472625732422,2.4559993743896484,179.99876403808594
7177,17.22686767578125,187.64759826660156,2.4564692974090576,-179.99493408203125
7179,16.045604705810547,187.64784240722656,2.456688165664673,-179.9907989501953
7181,14.8877592086792,187.64797973632812,2.4567761421203613,-179.9882354736328
7183,13.759535789489746,187.6483612060547,2.4572014808654785,-179.9671630859375
7186,12.460856437683105,187.6497802734375,2.461087942123413,-179.90054321289062
7374,136.1084747314453,194.1468505859375,2.200000047683716,-89.8385009765625
7375,136.09963989257812,194.15028381347656,2.4380815029144287,-89.838623046875
7409,136.11209106445312,192.9412841796875,2.4508962631225586,-89.89598846435547
7413,136.11483764648438,191.2582244873047,2.450878620147705,-89.95513153076172
7412,136.11422729492188,191.74386596679688,2.450852632522583,-89.93878173828125
7414,136.11534118652344,190.73011779785156,2.451763153076172,-89.97235107421875
7416,136.10525512695312,189.61659240722656,2.453571319580078,-91.00971221923828
7418,135.89981079101562,188.59274291992188,2.4549148082733154,-99.21817779541016
7421,135.03741455078125,187.5375518798828,2.4551761150360107,-122.18079376220703
7423,134.02224731445312,187.11041259765625,2.4764816761016846,-141.4752197265625
7425,132.7457275390625,186.84068298339844,2.4836645126342773,-160.6539306640625
7427,131.1898651123047,186.70335388183594,2.457263946533203,-175.5138397216797
7429,129.505126953125,186.84828186035156,2.4484822750091553,175.1301727294922
7431,127.9736099243164,187.11813354492188,2.456254482269287,169.66592407226562
7433,126.61933135986328,187.34580993652344,2.458374500274658,171.22434997558594
7435,125.2597427368164,187.45285034179688,2.4572906494140625,174.70887756347656
7437,123.89064025878906,187.50808715820312,2.4567675590515137,176.91287231445312
7439,122.52308654785156,187.53817749023438,2.456536293029785,178.21205139160156
7441,121.20111083984375,187.5544891357422,2.4579830169677734,178.96551513671875
7443,120.03211975097656,187.56277465820312,2.4592559337615967,179.3759002685547
7445,118.95762634277344,187.5673370361328,2.458710193634033,179.61549377441406
7447,117.90064239501953,187.56993103027344,2.457019090652466,179.72865295410156
7448,117.34175872802734,187.57095336914062,2.4557485580444336,179.7668914794922
7450,116.1366195678711,187.57264709472656,2.4542548656463623,179.82827758789062
7451,115.50357818603516,187.57345581054688,2.4542417526245117,179.8565673828125
7453,114.21206665039062,187.57484436035156,2.4548890590667725,179.9061279296875
7456,112.27310180664062,187.5760955810547,2.4559929370880127,179.9505615234375
7455,112.91617584228516,187.57577514648438,2.455667018890381,179.9407196044922
7457,111.63601684570312,187.57627868652344,2.4562859535217285,179.96302795410156
7459,110.38263702392578,187.57652282714844,2.4566688537597656,179.98280334472656
7461,109.15709686279297,187.5764923095703,2.456836700439453,179.99493408203125
7463,107.9583969116211,187.57630920410156,2.4568932056427,-179.9977264404297
7464,107.36872100830078,187.57618713378906,2.456899404525757,-179.99533081054688
7466,106.20780181884766,187.57598876953125,2.456888437271118,-179.99212646484375
7468,105.07025146484375,187.5757598876953,2.4568610191345215,-179.99038696289062
7470,103.95462036132812,187.5755157470703,2.4568262100219727,-179.98959350585938
7472,102.84883880615234,187.57528686523438,2.456338405609131,-179.98658752441406
7474,101.68016052246094,187.5749053955078,2.455035924911499,179.99114990234375
7476,100.45823669433594,187.5749053955078,2.4550702571868896,179.98428344726562
7478,99.22403717041016,187.57505798339844,2.45566463470459,179.98092651367188
7480,98.00558471679688,187.57516479492188,2.456281900405884,179.99093627929688
7482,96.8106918334961,187.5750732421875,2.456606149673462,179.99874877929688
7484,95.63961791992188,187.5748748779297,2.456747055053711,-179.99623107910156
7486,94.49163818359375,187.57467651367188,2.456796169281006,-179.99314880371094
7488,93.36569213867188,187.57444763183594,2.456800699234009,-179.99139404296875
7490,92.25990295410156,187.57424926757812,2.456740617752075,-179.9890594482422
7492,91.13023376464844,187.57386779785156,2.455526113510132,-179.99916076660156
7494,89.92858123779297,187.5736846923828,2.4549200534820557,179.98541259765625
7496,88.69611358642578,187.5738983154297,2.455329179763794,179.9818115234375
7498,87.46711730957031,187.573974609375,2.4560060501098633,179.98562622070312
7500,86.25994873046875,187.5740203857422,2.4564743041992188,179.9951171875
7502,85.07670593261719,187.57383728027344,2.4566924571990967,-179.99851989746094
7504,83.9169692993164,187.5736541748047,2.4567794799804688,-179.99453735351562
7506,82.77986907958984,187.5734405517578,2.4568026065826416,-179.9921875
7508,81.6642837524414,187.57321166992188,2.4567947387695312,-179.99082946777344
7510,80.55827331542969,187.57298278808594,2.4563207626342773,-179.9875030517578
7512,79.38922119140625,187.5725860595703,2.455026865005493,179.99050903320312
7514,78.16692352294922,187.5726318359375,2.455065965652466,179.9839630126953
7516,76.93230438232422,187.57276916503906,2.4556612968444824,179.98069763183594
7518,75.71336364746094,187.57290649414062,2.45628023147583,179.99075317382812
7520,74.51802825927734,187.57281494140625,2.456606149673462,179.99864196777344
7522,73.3465347290039,187.57261657714844,2.45674729347229,-179.9962615966797
7524,72.19817352294922,187.57241821289062,2.456796884536743,-179.9931640625
7526,71.07186889648438,187.5721893310547,2.456801652908325,-179.9914093017578
7528,69.96577453613281,187.57199096679688,2.4567413330078125,-179.9890594482422
7530,68.8358154296875,187.57159423828125,2.4555270671844482,-179.99916076660156
7532,67.63392639160156,187.57142639160156,2.454921245574951,179.9854278564453
7534,66.4012451171875,187.57164001464844,2.4553303718566895,179.98179626464844
7536,65.17205047607422,187.57171630859375,2.4560067653656006,179.98562622070312
7538,64.02130889892578,187.57174682617188,2.4584383964538574,-179.99728393554688
7541,63.01518249511719,187.57102966308594,2.4652531147003174,179.92530822753906
7560,61.74176788330078,187.571044921875,2.450950860977173,179.91246032714844
7563,60.534950256347656,187.57183837890625,2.450875759124756,179.90554809570312
7565,59.515350341796875,187.572509765625,2.4517784118652344,179.90325927734375
7567,58.39295196533203,187.5735321044922,2.453705072402954,179.92588806152344
7569,57.27513122558594,187.57569885253906,2.4551918506622314,179.85824584960938
7571,56.14835739135742,187.58482360839844,2.4549782276153564,179.63037109375
7572,55.52530288696289,187.5910186767578,2.4534759521484375,179.5095672607422
7574,54.13948059082031,187.60699462890625,2.452239513397217,179.3358612060547
7576,52.63169479370117,187.6263885498047,2.4528751373291016,179.26058959960938
7578,51.067176818847656,187.66317749023438,2.4537978172302246,177.78944396972656
7580,49.57476043701172,187.95651245117188,2.4543097019195557,168.2944793701172
7582,48.19528579711914,188.58551025390625,2.4543447494506836,157.10589599609375
7584,46.88895034790039,189.42054748535156,2.454714059829712,149.22044372558594
7586,45.62809371948242,190.36923217773438,2.455111503601074,144.40118408203125
7589,43.88832092285156,191.9285888671875,2.4555776119232178,136.00083923339844
7588,44.41600036621094,191.37782287597656,2.4554693698883057,140.4300994873047
7590,43.45632553100586,192.52183532714844,2.4557366371154785,130.04615783691406
7592,42.86676788330078,193.7824249267578,2.4575557708740234,118.08457946777344
7593,42.677215576171875,194.3921661376953,2.458742380142212,113.64654541015625
7595,42.40941619873047,195.5521240234375,2.459268569946289,107.21975708007812
7596,42.30765151977539,196.1104278564453,2.458965301513672,104.87825775146484
7598,42.14131164550781,197.19635009765625,2.458207130432129,101.4024429321289
7600,42.00371170043945,198.28831481933594,2.4564332962036133,98.94398498535156
7601,41.93917465209961,198.869384765625,2.455333709716797,97.94573211669922
7603,41.81819152832031,200.09461975097656,2.454625368118286,96.42688751220703
7605,41.73702621459961,201.35812377929688,2.4550087451934814,94.24536895751953
7607,41.69749450683594,202.6246795654297,2.4557607173919678,92.60415649414062
7609,41.67491912841797,203.87132263183594,2.4563589096069336,91.60850524902344
7611,41.661415100097656,205.0928497314453,2.4566662311553955,91.00401306152344
7613,41.653114318847656,206.2889862060547,2.4568047523498535,90.63446044921875
7614,41.65020751953125,206.87771606445312,2.4568381309509277,90.50686645507812
7616,41.64602279663086,208.03721618652344,2.4568638801574707,90.32695007324219
7618,41.64329147338867,209.17372131347656,2.4568581581115723,90.21406555175781
7620,41.64146423339844,210.28921508789062,2.4567935466766357,90.14354705810547
7622,41.640071868896484,211.42759704589844,2.455585479736328,90.08514404296875
7624,41.639251708984375,212.63650512695312,2.454979181289673,90.03618621826172
7625,41.639095306396484,213.25440979003906,2.4551217555999756,90.02251434326172
7627,41.63896560668945,214.49427795410156,2.455721139907837,90.00296020507812
7629,41.638938903808594,215.71766662597656,2.4563241004943848,90.0031967163086
7631,41.63884353637695,216.91749572753906,2.4566409587860107,90.0049819946289
7633,41.6386604309082,218.09332275390625,2.456779956817627,90.00640106201172
7635,41.63846969604492,219.24583435058594,2.4568305015563965,90.00729370117188
7637,41.63825607299805,220.37600708007812,2.456836462020874,90.00773620605469
7638,41.638145446777344,220.93310546875,2.4568307399749756,90.0078125
7639,41.638031005859375,221.48577880859375,2.456777334213257,90.00914001464844
7641,41.637718200683594,222.6190185546875,2.45556640625,89.99871063232422
7643,41.63764190673828,223.8236541748047,2.4549593925476074,89.98230743408203
7645,41.63787078857422,225.05873107910156,2.455366849899292,89.97738647460938
7647,41.64948272705078,226.28968811035156,2.4559900760650635,89.4961929321289
7649,41.673828125,227.49859619140625,2.456467866897583,89.07426452636719
7651,41.702030181884766,228.68333435058594,2.4566993713378906,88.80611419677734
7653,41.731895446777344,229.84439086914062,2.4567959308624268,88.63709259033203
7656,41.85438537597656,231.5224609375,2.4564461708068848,84.24628448486328
7655,41.77322769165039,230.9799346923828,2.4566476345062256,87.49954986572266
7657,42.00669860839844,232.046630859375,2.455930233001709,79.76170349121094
7659,42.46058654785156,233.11502075195312,2.454437017440796,71.46704864501953
7661,43.04773712158203,234.22401428222656,2.45419979095459,65.19734954833984
7663,43.71665954589844,235.3330841064453,2.4548943042755127,60.9222526550293
7665,44.42527389526367,236.41737365722656,2.455742120742798,58.1892204284668
7666,44.78520584106445,236.94740295410156,2.45607590675354,57.24000549316406
7668,45.51441955566406,237.97433471679688,2.4563372135162354,54.794212341308594
7670,46.364105224609375,238.786865234375,2.456605911254883,45.45662307739258
7672,47.36567687988281,239.320068359375,2.4562437534332275,34.0218620300293
7674,48.49614334106445,239.7308807373047,2.4551937580108643,24.954591751098633
7676,49.70613098144531,240.05825805664062,2.4552524089813232,18.450420379638672
7678,50.94080352783203,240.31748962402344,2.4558303356170654,14.101608276367188
7680,52.168827056884766,240.5288543701172,2.4563140869140625,11.300891876220703
7682,53.37949752807617,240.70933532714844,2.4565937519073486,9.518488883972168
7684,54.56888961791992,240.8610076904297,2.456605911254883,7.685361862182617
7686,55.74045181274414,240.9375457763672,2.456667184829712,5.052192687988281
7688,56.89048767089844,240.9800567626953,2.456757068634033,3.2816898822784424
7690,58.01861572265625,241.0066375732422,2.456787586212158,2.1425650119781494
7692,59.126487731933594,241.0237274169922,2.45674204826355,1.4087812900543213
7694,60.25807571411133,241.035400390625,2.4555342197418213,0.901091992855072
7696,61.46133804321289,241.04319763183594,2.45493221282959,0.5438916087150574
7698,62.694984436035156,241.04782104492188,2.455354690551758,0.31993815302848816
7700,63.92313766479492,241.05047607421875,2.45605206489563,0.1930636614561081
7702,65.129638671875,241.0520782470703,2.4564993381500244,0.12095040082931519
7704,66.3126220703125,241.05311584472656,2.456711769104004,0.07733859121799469
7706,67.47230529785156,241.05381774902344,2.4567999839782715,0.050470639020204544
7708,68.6094741821289,241.05435180664062,2.4568259716033936,0.03360867127776146
7710,69.7251968383789,241.05465698242188,2.4568209648132324,0.02280363440513611
7712,70.83135223388672,241.054931640625,2.4563486576080322,0.018192820250988007
7714,72.00060272216797,241.0552520751953,2.4550530910491943,-0.009185791015625
7716,73.22309875488281,241.05511474609375,2.4550909996032715,-0.0201110802590847
7718,74.45769500732422,241.0548553466797,2.4556915760040283,-0.02581787109375
7720,75.6763687133789,241.0545196533203,2.456308126449585,-0.016845703125
7722,76.87152862548828,241.054443359375,2.456631660461426,-0.00964355282485485
7724,78.04289245605469,241.05441284179688,2.456773519515991,-0.004913330543786287
7726,79.191162109375,241.0543670654297,2.4568238258361816,-0.0019836423452943563
7728,80.3173599243164,241.0543670654297,2.456829786300659,-0.00024414058134425431
7730,81.4233627319336,241.05442810058594,2.456770658493042,0.0020135759841650724
7732,82.55326080322266,241.05458068847656,2.455554962158203,-0.00787353515625
7734,83.75513458251953,241.0545654296875,2.454946756362915,-0.0239562951028347
7736,84.98777770996094,241.05419921875,2.455355644226074,-0.028594961389899254
7738,86.21659851074219,241.05384826660156,2.45603609085083,-0.0242919921875
7740,87.4235610961914,241.0536346435547,2.456500768661499,-0.014617919921875
7742,88.6066665649414,241.0535430908203,2.4567184448242188,-0.008087158203125
7744,89.7662582397461,241.0535125732422,2.456806182861328,-0.003967285621911287
7746,90.90326690673828,241.05349731445312,2.4568305015563965,-0.0014343260554596782
7748,92.0187759399414,241.0535125732422,2.4568235874176025,1.0595963431114797e-05
7750,93.12471771240234,241.05352783203125,2.456350326538086,0.0033279380295425653
7752,94.29373931884766,241.0537109375,2.4550530910491943,-0.01858520321547985
7754,95.51602935791016,241.05349731445312,2.4550909996032715,-0.02593994140625
7756,96.75048828125,241.05311584472656,2.455690860748291,-0.029388422146439552
7758,97.96902465820312,241.05276489257812,2.456307888031006,-0.01910400390625
7760,99.16402435302734,241.0526580810547,2.456631660461426,-0.011016844771802425
7762,100.33524322509766,241.0526123046875,2.456773281097412,-0.00579833984375
7764,101.48336791992188,241.05259704589844,2.4568235874176025,-0.0025329587515443563
7766,102.60942840576172,241.0525665283203,2.456829786300659,-0.0006103515042923391
7768,103.71533203125,241.0526123046875,2.456770420074463,0.0017631002701818943
7770,104.84512329101562,241.05274963378906,2.455554723739624,-0.008026123046875
7772,106.04691314697266,241.052734375,2.454946517944336,-0.02407836727797985
7774,107.27950286865234,241.05235290527344,2.455355167388916,-0.028656000271439552
7776,108.50824737548828,241.05198669433594,2.456035614013672,-0.02432251162827015
7778,109.71517181396484,241.05178833007812,2.45650053024292,-0.0146484375
7780,110.89822387695312,241.0517120361328,2.4567184448242188,-0.008117674849927425
7782,112.0577621459961,241.0516815185547,2.456806182861328,-0.003967285621911287
7784,113.1947021484375,241.05165100097656,2.4568305015563965,-0.0014343260554596782
7786,114.31017303466797,241.0516815185547,2.4568235874176025,7.423647616633389e-07
7788,115.4083480834961,241.05162048339844,2.456784725189209,0.010282798670232296
7791,116.74970245361328,241.05064392089844,2.4601452350616455,0.06235886365175247
8010,117.829833984375,241.05067443847656,2.451543092727661,0.0692354217171669
8014,118.98326110839844,241.0512237548828,2.450861930847168,0.001982901943847537
8017,120.3109359741211,241.0510711669922,2.450881004333496,-0.0441589280962944
8019,121.39608001708984,241.03485107421875,2.4524459838867188,-0.72589111328125
8021,122.51068115234375,241.0015411376953,2.4545397758483887,-1.3155211210250854
8023,123.61752319335938,240.96286010742188,2.455554485321045,-1.70758056640625
8025,124.8039779663086,240.9185333251953,2.453453540802002,-2.026275873184204
8027,126.18251037597656,240.86373901367188,2.4522247314453125,-2.254394769668579
8029,127.64390563964844,240.71458435058594,2.4527297019958496,-7.074836254119873
8031,129.03160095214844,240.23789978027344,2.453237295150757,-17.92368507385254
8033,130.35484313964844,239.5049285888672,2.453908681869507,-26.96525764465332
8035,131.63487243652344,238.6294403076172,2.454576015472412,-32.78620910644531
8037,132.88998413085938,237.67356872558594,2.4550280570983887,-36.22161102294922
8038,133.50022888183594,237.1695098876953,2.454951763153076,-38.58509063720703
8040,134.5003204345703,236.02626037597656,2.455268621444702,-48.98939514160156
8042,135.14114379882812,234.71905517578125,2.455522298812866,-61.654937744140625
8044,135.54750061035156,233.32522583007812,2.4561400413513184,-70.850341796875
8046,135.8053741455078,232.01040649414062,2.458740472793579,-76.12837219238281
8048,135.98471069335938,230.813232421875,2.45912766456604,-79.25151824951172
8050,136.1276092529297,229.6835174560547,2.4584546089172363,-81.21761322021484
8052,136.2503204345703,228.59690856933594,2.4578118324279785,-82.50090026855469
8054,136.33433532714844,227.49978637695312,2.4560070037841797,-84.74276733398438
8056,136.38134765625,226.3052520751953,2.454510450363159,-86.69738006591797
8058,136.41087341308594,225.04673767089844,2.454686164855957,-87.99175262451172
8060,136.4283905029297,223.77134704589844,2.455411911010742,-88.7833023071289
8062,136.43844604492188,222.5087127685547,2.456131935119629,-89.2589340209961
8064,136.44418334960938,221.270263671875,2.4565505981445312,-89.54399108886719
8066,136.44749450683594,220.0574493408203,2.4567484855651855,-89.7159194946289
8068,136.44932556152344,218.8699951171875,2.456829309463501,-89.82083129882812
8070,136.45034790039062,217.70689392089844,2.456850528717041,-89.88577270507812
8072,136.4508514404297,216.5669708251953,2.456840991973877,-89.92650604248047
8074,136.45103454589844,215.4490203857422,2.4568169116973877,-89.9525375366211
8076,136.45103454589844,214.3509063720703,2.45674204826355,-89.97209930419922
8078,136.451171875,213.22825622558594,2.4555118083953857,-90.01060485839844
8080,136.45101928710938,212.0325469970703,2.4548981189727783,-90.02832794189453
8082,136.4504852294922,210.80517578125,2.455307960510254,-90.02513122558594
8084,136.44984436035156,209.58094787597656,2.455994129180908,-90.01461791992188
8086,136.44903564453125,208.38560485839844,2.456874132156372,-89.99254608154297
8088,136.44627380371094,207.38270568847656,2.460022449493408,-89.8023681640625
8236,-1.6842479705810547,188.23687744140625,2.200000047683716,179.95350646972656
8315,-2.889871120452881,188.2376251220703,2.4508965015411377,179.89608764648438
8318,-4.087249279022217,188.23983764648438,2.450852394104004,179.85330200195312
8321,-5.627696990966797,188.18780517578125,2.452665090560913,-179.51109313964844
8323,-6.636589050292969,188.36106872558594,2.454220771789551,172.48443603515625
8326,-7.643571376800537,189.1359405517578,2.4570491313934326,150.96665954589844
8329,-8.07144546508789,190.5447235107422,2.484745979309082,120.77365112304688
8331,-8.171459197998047,191.80401611328125,2.458296775817871,99.85714721679688
8333,-7.934057235717773,193.3080291748047,2.446934938430786,83.550048828125
8335,-7.5166168212890625,194.89453125,2.4520103931427,78.45243072509766
8337,-7.286086082458496,196.54052734375,2.454265594482422,82.82943725585938
8339,-7.18900728225708,198.19036865234375,2.4565725326538086,86.43734741210938
8341,-7.151540279388428,199.7898406982422,2.4568774700164795,88.2146987915039
8343,-7.135704040527344,201.38235473632812,2.456620931625366,89.09233856201172
8345,-7.128432273864746,202.97007751464844,2.4564664363861084,89.53656768798828
8347,-7.124850749969482,204.50537109375,2.4581122398376465,89.78274536132812
8349,-7.123410701751709,205.86761474609375,2.45967173576355,89.9183120727539
8351,-7.122995376586914,207.10794067382812,2.4593749046325684,89.98179626464844
8353,-7.122840404510498,208.2802734375,2.4585373401641846,90.00631713867188
8355,-7.122663497924805,209.40725708007812,2.4578983783721924,90.01348114013672
8357,-7.122463703155518,210.50071716308594,2.4574170112609863,90.01295471191406
8359,-7.1225128173828125,211.61001586914062,2.455888271331787,89.98331451416016
8361,-7.122406959533691,212.8173828125,2.454482316970825,89.96186065673828
8363,-7.121846675872803,214.08921813964844,2.454702615737915,89.96481323242188
8365,-7.121113300323486,215.37423706054688,2.4555296897888184,89.97988891601562
8367,-7.1204657554626465,216.6439971923828,2.4562013149261475,89.99048614501953
8369,-7.119938373565674,217.8907928466797,2.456577777862549,89.99812316894531
8371,-7.11950159072876,219.11248779296875,2.456766366958618,90.00330352783203
8373,-7.119115829467773,220.30880737304688,2.4568493366241455,90.00653076171875
8375,-7.1187591552734375,221.48036193847656,2.456874132156372,90.00843048095703
8377,-7.118415832519531,222.6282196044922,2.4568676948547363,90.00936889648438
8379,-7.118077754974365,223.753662109375,2.456845283508301,90.00967407226562
8381,-7.117758750915527,224.858642578125,2.4567720890045166,90.00701904296875
8383,-7.117705345153809,225.98703002929688,2.455554962158203,89.97940826416016
8385,-7.11742639541626,227.1874237060547,2.4549400806427,89.97127532958984
8387,-7.11681604385376,228.41392517089844,2.4554779529571533,89.98236846923828
8389,-7.116193771362305,229.63050842285156,2.456111192703247,89.9906234741211
8391,-7.115659713745117,230.82781982421875,2.456482172012329,89.99712371826172
8393,-7.115198612213135,232.00343322753906,2.4566726684570312,90.00169372558594
8395,-7.11478853225708,233.1568145751953,2.4567599296569824,90.00470733642578
8397,-7.114406108856201,234.2884063720703,2.4567902088165283,90.00650024414062
8400,-7.1138811111450195,235.94747924804688,2.4567389488220215,90.00514221191406
8399,-7.114038944244385,235.3990020751953,2.456789255142212,90.0074691772461
8401,-7.113832950592041,236.50035095214844,2.4563233852386475,89.99137878417969
8403,-7.113719940185547,237.66514587402344,2.4550235271453857,89.97077178955078
8405,-7.113219261169434,238.88294982910156,2.455108642578125,89.97669219970703
8407,-7.112576961517334,240.1047821044922,2.455817699432373,89.98613739013672
8409,-7.111987590789795,241.31040954589844,2.4563193321228027,89.9937515258789
8411,-7.111490249633789,242.49525451660156,2.456589937210083,89.99935913085938
8413,-7.111056327819824,243.6581268310547,2.4567222595214844,90.00315856933594
8415,-7.110659599304199,244.79904174804688,2.4567770957946777,90.00555419921875
8417,-7.11028528213501,245.91864013671875,2.456789493560791,90.00694274902344
8419,-7.110073566436768,247.0283966064453,2.456333637237549,89.9913330078125
8421,-7.109955787658691,248.2005157470703,2.455048084259033,89.97098541259766
8423,-7.109455585479736,249.42446899414062,2.4551334381103516,89.9769287109375
8425,-7.108817100524902,250.65206909179688,2.4558329582214355,89.98640441894531
8427,-7.1082329750061035,251.86317443847656,2.4563302993774414,89.99401092529297
8429,-7.1077399253845215,253.0532989501953,2.456599712371826,89.99961853027344
8431,-7.107309341430664,254.2210693359375,2.4567313194274902,90.00341796875
8433,-7.1069159507751465,255.36656188964844,2.4567859172821045,90.00580596923828
8435,-7.106544017791748,256.4903869628906,2.4567980766296387,90.00718688964844
8437,-7.106204032897949,257.59429931640625,2.456744432449341,90.00525665283203
8439,-7.10613489151001,258.72210693359375,2.455536365509033,89.9781494140625
8441,-7.105844497680664,259.92205810546875,2.4549288749694824,89.97042846679688
8443,-7.105226516723633,261.1483459472656,2.4554708003997803,89.98185729980469
8445,-7.104597568511963,262.3647155761719,2.4561076164245605,89.99032592773438
8447,-7.1040568351745605,263.5618591308594,2.4564805030822754,89.99691772460938
8449,-7.103596210479736,264.7373046875,2.456671714782715,90.00154876708984
8452,-7.102990627288818,266.45892333984375,2.4567794799804688,90.00565338134766
8451,-7.103185176849365,265.8905334472656,2.456759214401245,90.00459289550781
8453,-7.1028008460998535,267.0219421386719,2.45678973197937,90.00643157958984
8455,-7.102434158325195,268.13238525390625,2.456789016723633,90.00743865966797
8457,-7.102227687835693,269.2336730957031,2.4563229084014893,89.99137115478516
8459,-7.102113723754883,270.39837646484375,2.4550230503082275,89.97076416015625
8461,-7.1016130447387695,271.61602783203125,2.455108165740967,89.9766845703125
8463,-7.100970268249512,272.83782958984375,2.4558169841766357,89.98612213134766
8465,-7.100380897521973,274.0433654785156,2.4563190937042236,89.99373626708984
8467,-7.099883079528809,275.2281799316406,2.456589698791504,89.99933624267578
8469,-7.099449157714844,276.3910217285156,2.4567220211029053,90.00313568115234
8471,-7.099052429199219,277.5318603515625,2.4567770957946777,90.00555419921875
8473,-7.098677635192871,278.6513671875,2.456789493560791,90.00691986083984
8475,-7.098465919494629,279.7611083984375,2.4563333988189697,89.99134063720703
8477,-7.0983476638793945,280.9332275390625,2.455047845840454,89.97099304199219
8479,-7.097847938537598,282.15716552734375,2.4551331996917725,89.97697448730469
8481,-7.09721040725708,283.3844909667969,2.4560093879699707,89.98651885986328
8483,-7.096629619598389,284.5955505371094,2.4565367698669434,89.99410247802734
8485,-7.096133708953857,285.78582763671875,2.456909418106079,89.99994659423828
8487,-7.09569787979126,286.9537048339844,2.4571285247802734,90.00379180908203
8489,-7.095308780670166,288.0991516113281,2.457169771194458,90.00605010986328
8491,-7.094940662384033,289.2229309082031,2.457172393798828,90.00731658935547
8493,-7.094600677490234,290.32684326171875,2.4571151733398438,90.00535583496094
8495,-7.094532489776611,291.45458984375,2.4559054374694824,89.97821807861328
8497,-7.094243049621582,292.654541015625,2.4552972316741943,89.97048950195312
8499,-7.093621253967285,293.8810729980469,2.455662727355957,89.98175048828125
8501,-7.092989444732666,295.0974426269531,2.456268787384033,89.9902572631836
8503,-7.001198768615723,296.2710266113281,2.4561805725097656,85.3321533203125
8505,-6.711283206939697,297.3839111328125,2.4563162326812744,78.8801040649414
8507,-6.362875461578369,298.4602966308594,2.4569172859191895,75.58495330810547
8509,-6.029604434967041,299.5182800292969,2.4565773010253906,73.17251586914062
8511,-5.697641849517822,300.592529296875,2.4559240341186523,74.04703521728516
8513,-5.351845741271973,301.7154846191406,2.454979181289673,71.56367492675781
8515,-4.7656731605529785,302.6964111328125,2.4552299976348877,61.97602844238281
8517,-3.978790760040283,303.57135009765625,2.455064535140991,53.006168365478516
8519,-3.09588360786438,304.3969421386719,2.4555211067199707,46.70814514160156
8521,-2.1735920906066895,305.1726989746094,2.456066131591797,42.5343017578125
8523,-1.2383376359939575,305.9077453613281,2.45640230178833,39.834957122802734
8525,-0.27693888545036316,306.5297546386719,2.4563755989074707,33.66175842285156
8527,0.7608327865600586,306.8617248535156,2.456172227859497,22.485197067260742
8529,1.8994207382202148,306.9849853515625,2.455138683319092,13.157754898071289
8531,3.1433663368225098,307.1027526855469,2.45447039604187,8.227538108825684
8533,4.43569803237915,307.18133544921875,2.454946994781494,5.0295023918151855
8535,5.730720520019531,307.22772216796875,2.455747604370117,3.0514907836914062
8537,7.007078647613525,307.2543029785156,2.45631742477417,1.8576115369796753
8539,8.258981704711914,307.2696533203125,2.456634759902954,1.1411410570144653
8540,8.875187873840332,307.2747497558594,2.4567298889160156,0.8982967138290405
8542,10.087966918945312,307.2816467285156,2.456838369369507,0.5620691776275635
8544,11.275078773498535,307.2856750488281,2.456878662109375,0.3564930558204651
8546,12.437554359436035,307.28802490234375,2.456881046295166,0.22925566136837006
8548,13.576653480529785,307.28936767578125,2.4568634033203125,0.14946876466274261
8550,14.693720817565918,307.2900390625,2.4568357467651367,0.09875175356864929
8552,15.80068588256836,307.29046630859375,2.456357479095459,0.04937918111681938
8554,16.970043182373047,307.290771484375,2.45505428314209,0.005617970135062933
8556,18.19150161743164,307.2904968261719,2.4551329612731934,-0.0036926267202943563
8558,19.416677474975586,307.28997802734375,2.45583176612854,-0.0037536623422056437
8560,20.625455856323242,307.2894287109375,2.4563281536102295,-0.0019531248835846782
8562,21.81332015991211,307.2889099121094,2.456596612930298,6.761869735782966e-05
8564,22.97899055480957,307.2884216308594,2.4567277431488037,0.0016573432367295027
8566,24.122499465942383,307.2879333496094,2.456782102584839,0.002675688127055764
8568,25.237548828125,307.2874450683594,2.4571847915649414,0.007133373524993658
8571,26.518705368041992,307.28594970703125,2.4610519409179688,0.06478910148143768
8917,27.668556213378906,307.28668212890625,2.4512012004852295,0.024383123964071274
8921,29.000261306762695,307.2867736816406,2.4508471488952637,-0.0323791466653347
8924,30.4565486907959,307.28289794921875,2.4517221450805664,-0.3077392280101776
8926,31.572526931762695,307.25994873046875,2.4536383152008057,-0.8685606718063354
8928,32.683658599853516,307.2303771972656,2.4551620483398438,-1.2460325956344604
8930,33.8036994934082,307.1976318359375,2.4549596309661865,-1.509033203125
8932,35.09294891357422,307.15777587890625,2.4525065422058105,-1.748504638671875
8934,36.542232513427734,307.1101379394531,2.452422857284546,-1.88507080078125
8936,38.080440521240234,307.0579528808594,2.453392505645752,-1.9432677030563354
8938,39.66546630859375,307.0036315917969,2.454332113265991,-1.963134527206421
8940,41.27858352661133,306.9482727050781,2.4549598693847656,-1.9678043127059937
8943,43.73580551147461,306.86407470703125,2.4554316997528076,-1.9666138887405396
8942,42.91228103637695,306.89227294921875,2.455319881439209,-1.9674068689346313
8944,44.56349182128906,306.83575439453125,2.455512523651123,-1.965667724609375
8946,46.225467681884766,306.7789306640625,2.4558045864105225,-1.960601806640625
8948,47.8822021484375,306.72235107421875,2.4560956954956055,-1.9546815156936646
8950,49.52888870239258,306.66619873046875,2.4564852714538574,-1.9476016759872437
8952,51.04438018798828,306.6142578125,2.459055185317993,-1.9022517204284668
8954,52.41555404663086,306.56787109375,2.4592041969299316,-1.90069580078125
8956,53.76399612426758,306.54986572265625,2.4576456546783447,-0.1888732612133026
8958,55.1583137512207,306.6844177246094,2.4557626247406006,3.783740997314453
8960,56.66176223754883,306.7669982910156,2.4539120197296143,2.537539005279541
8962,58.298465728759766,306.79962158203125,2.452962636947632,1.2562665939331055
8964,60.070438385009766,306.8135681152344,2.4525628089904785,0.5170944333076477
8966,61.95889663696289,306.8180847167969,2.4532289505004883,0.1661226451396942
8968,63.85807418823242,306.818359375,2.45493745803833,0.05093183368444443
8970,65.74748229980469,306.8177795410156,2.4557535648345947,0.012069475837051868
8972,67.74037170410156,306.8175048828125,2.4532039165496826,-0.0545654296875
8973,68.81571197509766,306.8170471191406,2.452174425125122,-0.08563230186700821
8974,69.94180297851562,306.816162109375,2.45156192779541,-0.1067504957318306
8975,71.1164779663086,306.81500244140625,2.4512429237365723,-0.1186523288488388
8976,72.33778381347656,306.8135986328125,2.4511091709136963,-0.1236266940832138
8977,73.60401916503906,306.81207275390625,2.451085329055786,-0.1240844801068306
8978,74.91372680664062,306.81048583984375,2.451124668121338,-0.12203977257013321
8979,76.26554870605469,306.80889892578125,2.4511966705322266,-0.1188964694738388
8980,77.65839385986328,306.80731201171875,2.4512851238250732,-0.11553952842950821
8981,79.09056091308594,306.80572509765625,2.4514150619506836,-0.1119995042681694
8982,80.55583953857422,306.8041076660156,2.451747179031372,-0.10498046875
8983,82.04521942138672,306.8024597167969,2.4522974491119385,-0.0920410081744194
8984,83.5499496459961,306.80096435546875,2.4529869556427,-0.0743408128619194
8985,85.0624008178711,306.7996520996094,2.4537267684936523,-0.0547790452837944
8986,86.57646179199219,306.7985534667969,2.4544432163238525,-0.0361938439309597
8987,88.08768463134766,306.7977600097656,2.455087184906006,-0.02056884579360485
8988,89.5929183959961,306.7972106933594,2.45563006401062,-0.008819580078125
8989,91.09020233154297,306.7968444824219,2.456066131591797,-0.0007934569730423391
8990,92.57827758789062,306.796630859375,2.4564034938812256,0.0041473363526165485
8991,94.05998992919922,306.7965393066406,2.4564950466156006,0.0036685760132968426
8992,95.53834533691406,306.7964782714844,2.4564692974090576,-0.00030517578125
8993,97.01371765136719,306.7964172363281,2.456432342529297,-0.00457763671875
8994,98.48619079589844,306.7962341308594,2.456403970718384,-0.007720947265625
8995,99.95575714111328,306.7960205078125,2.4563848972320557,-0.009521484375
8996,101.39212036132812,306.7955627441406,2.4577462673187256,0.015489866025745869
8997,102.7690200805664,306.79510498046875,2.459385395050049,0.05894141271710396
8998,104.08773803710938,306.795166015625,2.4604949951171875,0.09529003500938416
8999,105.3560791015625,306.7958068847656,2.46094012260437,0.11250390857458115
9000,106.5858154296875,306.79681396484375,2.460798501968384,0.10912321507930756
9001,107.7890625,306.7979736328125,2.4602394104003906,0.09094620496034622
9002,108.97731018066406,306.79901123046875,2.4594223499298096,0.06517142802476883
9003,110.16078186035156,306.7998046875,2.4584810733795166,0.037534650415182114
9004,111.34770965576172,306.80029296875,2.457535743713379,0.01194937527179718
9005,112.5440673828125,306.80047607421875,2.4566762447357178,-0.009490965865552425
9006,113.75385284423828,306.8004150390625,2.4559526443481445,-0.02621459774672985
9007,114.97799682617188,306.8001403808594,2.4554452896118164,-0.0371093712747097
9008,116.21533966064453,306.7996826171875,2.455146074295044,-0.0425109900534153
9009,117.46471405029297,306.7990417480469,2.454993724822998,-0.0439758263528347
9010,118.72492980957031,306.7984619140625,2.4549357891082764,-0.043121337890625
9011,119.99212646484375,306.79779052734375,2.4550955295562744,-0.0383300743997097
9012,121.25782012939453,306.7971496582031,2.455460548400879,-0.028839105740189552
9013,122.5208969116211,306.796630859375,2.455759048461914,-0.020263671875
9014,123.78121948242188,306.79620361328125,2.455965518951416,-0.01437377743422985
9015,125.03890228271484,306.7959289550781,2.4561002254486084,-0.011047362349927425
9016,126.3046875,306.7957763671875,2.4555866718292236,-0.01922607235610485
9017,127.60942840576172,306.7957458496094,2.4542994499206543,-0.04730224609375
9018,128.9567108154297,306.79541015625,2.4532694816589355,-0.07586669921875
9019,130.34579467773438,306.7946472167969,2.452601194381714,-0.0964660495519638
9020,131.77479553222656,306.79345703125,2.4522438049316406,-0.1074829027056694
9021,133.23727416992188,306.7920227050781,2.4522705078125,-0.10736083984375
9022,134.72393798828125,306.7904052734375,2.4526309967041016,-0.0963134691119194
9023,136.22598266601562,306.7887878417969,2.453202962875366,-0.0780029222369194
9024,137.73573303222656,306.78741455078125,2.4538683891296387,-0.0570373460650444
9025,139.2471160888672,306.7862854003906,2.4545369148254395,-0.0371398888528347
9026,140.755615234375,306.7854309082031,2.4551491737365723,-0.020660400390625
9027,142.25816345214844,306.7848815917969,2.4556710720062256,-0.008514403365552425
9028,143.75277709960938,306.7845153808594,2.456092596054077,-0.00042724606464616954
9029,145.2382354736328,306.7843017578125,2.4564199447631836,0.004413807764649391
9030,146.71376037597656,306.7841796875,2.4566664695739746,0.007039856165647507
9031,148.1795196533203,306.7840576171875,2.4568095207214355,0.007657928857952356
9032,149.64044189453125,306.78399658203125,2.456723690032959,0.0035161995328962803
9033,151.09835815429688,306.7839660644531,2.4566075801849365,-0.0018920894945040345
9034,152.55349731445312,306.7839050292969,2.4565184116363525,-0.006286620162427425
9035,154.0058135986328,306.78369140625,2.45645809173584,-0.008941651321947575
9036,155.45123291015625,306.7834167480469,2.456709146499634,-0.005981444381177425
9037,156.8489990234375,306.78289794921875,2.4583611488342285,0.029277054592967033
9038,158.18734741210938,306.7825927734375,2.4598209857940674,0.07181248813867569
9039,159.4727020263672,306.7828674316406,2.460577964782715,0.09943212568759918
9040,160.71031188964844,306.7835998535156,2.4609792232513428,0.1125393658876419
9041,161.87692260742188,306.7841796875,2.462052822113037,0.13646255433559418
9042,162.94998168945312,306.78436279296875,2.4634244441986084,0.16691339015960693
9044,164.79067993164062,306.7839050292969,2.465486526489258,0.2529129385948181
9046,166.2401580810547,306.7840881347656,2.4654576778411865,0.3093523383140564
9048,167.49609375,306.787353515625,2.4627535343170166,0.23256534337997437
9050,168.658447265625,306.7897033691406,2.4603724479675293,0.16652370989322662
9052,169.77088928222656,306.79107666015625,2.458766222000122,0.12456808984279633
9054,170.85450744628906,306.79205322265625,2.457711696624756,0.07399773597717285
9056,171.9987335205078,306.7928466796875,2.455493450164795,0.01629476249217987
9058,173.23275756835938,306.79296875,2.4549918174743652,-0.012573241256177425
9060,174.50425720214844,306.7927551269531,2.455509901046753,-0.0186767578125
9062,175.7782745361328,306.7923889160156,2.456160545349121,-0.01202392578125
9064,177.03619384765625,306.7919616699219,2.4567155838012695,-0.0019531248835846782
9066,178.267333984375,306.79156494140625,2.457057476043701,0.0015926352934911847
9068,179.47149658203125,306.791259765625,2.4571990966796875,0.003698744811117649
9070,180.64999389648438,306.791015625,2.4571101665496826,0.004939835984259844
9072,181.8040313720703,306.790771484375,2.457028388977051,0.005328418221324682
9074,182.9326934814453,306.7799987792969,2.4568393230438232,-1.031158447265625
9076,184.0164337158203,306.5946350097656,2.4558279514312744,-7.517066955566406
9078,185.1334991455078,306.2598876953125,2.454773187637329,-13.335348129272461
9080,186.2885284423828,305.9075012207031,2.45526385307312,-15.345964431762695
9082,187.4331817626953,305.5113525390625,2.4559831619262695,-17.234661102294922
9084,188.55674743652344,305.12005615234375,2.456012725830078,-19.814817428588867
9086,189.51307678222656,304.525390625,2.456177234649658,-28.9597110748291
9088,190.36338806152344,303.7467041015625,2.455275774002075,-37.5184211730957
9090,191.19471740722656,302.85009765625,2.4549129009246826,-43.75590896606445
9092,191.99571228027344,301.8904113769531,2.455409288406372,-47.92127227783203
9094,192.75938415527344,300.9110412597656,2.4560487270355225,-50.56884002685547
9096,193.47921752929688,299.9286193847656,2.456273317337036,-53.346134185791016
9098,193.95944213867188,298.8980407714844,2.456590414047241,-62.879188537597656
9100,194.17845153808594,297.8041076660156,2.4562458992004395,-72.20110321044922
9102,194.34152221679688,296.6241455078125,2.455066442489624,-78.42585754394531
9104,194.4502716064453,295.3874816894531,2.4551281929016113,-82.69792175292969
9106,194.51695251464844,294.14093017578125,2.4557626247406006,-85.44176483154297
9108,194.55670166015625,292.9102783203125,2.4562861919403076,-87.15349578857422
9110,194.5804443359375,291.7015686035156,2.456575393676758,-88.2125473022461
9112,194.59475708007812,290.516357421875,2.456719160079956,-88.86858367919922
9114,194.60348510742188,289.35455322265625,2.4567813873291016,-89.27735900878906
9116,194.60885620117188,288.21539306640625,2.456798553466797,-89.53416442871094
9118,194.61212158203125,287.0978088378906,2.4567906856536865,-89.69721221923828
9120,194.61412048339844,285.9998779296875,2.45672607421875,-89.80461120605469
9122,194.6156463623047,284.8773193359375,2.4555013179779053,-89.90233612060547
9124,194.6164093017578,283.6816101074219,2.4548914432525635,-89.96058654785156
9125,-7.688847541809082,186.2425537109375,2.200000047683716,89.93206787109375
9127,-7.6828227043151855,185.18167114257812,2.468977212905884,89.85539245605469
9130,-7.6883392333984375,184.1624298095703,2.456958055496216,89.73767852783203
9139,-7.687871932983398,185.2180633544922,2.4529223442077637,89.74403381347656
9143,-7.685623645782471,186.41189575195312,2.4517462253570557,89.7979965209961
9146,-7.683460712432861,187.90953063964844,2.450424909591675,89.81568908691406
9147,-7.682566165924072,188.52679443359375,2.450392484664917,89.82207489013672
9149,-7.6805853843688965,189.8983612060547,2.4510250091552734,89.84671020507812
9151,-7.6786041259765625,191.3879852294922,2.452413320541382,89.88521575927734
9153,-7.677026748657227,192.9401397705078,2.4537227153778076,89.92071533203125
9155,-7.675914764404297,194.52731323242188,2.4546148777008057,89.94625854492188
9157,-7.675137042999268,196.1363067626953,2.4552316665649414,89.96390533447266
9159,-7.674569129943848,197.74423217773438,2.4558358192443848,89.97887420654297
9161,-7.674221038818359,199.34544372558594,2.4561173915863037,89.9870376586914
9163,-7.673704147338867,200.87171936035156,2.4583051204681396,90.02507781982422
9165,-7.673747539520264,202.23214721679688,2.4595086574554443,90.05064392089844
9167,-7.674188137054443,203.48361206054688,2.4591264724731445,90.05121612548828
9169,-7.6747636795043945,204.673095703125,2.4583239555358887,90.0327377319336
9171,-7.675230979919434,205.82077026367188,2.457764148712158,90.02791595458984
9174,-7.6758317947387695,207.48216247558594,2.457198143005371,90.02239227294922
9173,-7.675651550292969,206.9348907470703,2.457383394241333,90.0233154296875
9175,-7.6760077476501465,208.03224182128906,2.4566895961761475,90.02151489257812
9177,-7.676433086395264,209.1884765625,2.4552226066589355,89.99560546875
9179,-7.676398277282715,210.3977813720703,2.455151081085205,89.98431396484375
9181,-7.676211357116699,211.61810302734375,2.455740451812744,89.98002624511719
9183,-7.67604923248291,212.82156372070312,2.4563117027282715,89.9885482788086
9184,-7.676025390625,213.4149169921875,2.456484794616699,89.99205780029297
9186,-7.676054954528809,214.58447265625,2.4566802978515625,89.99720764160156
9188,-7.676153182983398,215.73147583007812,2.456759214401245,90.00050354003906
9190,-7.67628812789917,216.856689453125,2.456779956817627,90.00248718261719
9192,-7.676433086395264,217.96200561523438,2.45672869682312,90.0049819946289
9194,-7.676698207855225,219.09136962890625,2.4555184841156006,89.99494934082031
9196,-7.6767473220825195,220.29283142089844,2.4549152851104736,89.97966766357422
9199,-7.676371097564697,222.1419219970703,2.455657482147217,89.97502136230469
9198,-7.676496982574463,221.52517700195312,2.4553260803222656,89.97621154785156
9200,-7.6762309074401855,222.75418090820312,2.456003427505493,89.97998809814453
9202,-7.676093578338623,223.9613037109375,2.4564733505249023,89.98951721191406
9204,-7.676096439361572,225.1444854736328,2.4566922187805176,89.99590301513672
9206,-7.676178932189941,226.3041229248047,2.4567794799804688,89.9999008178711
9207,-7.676239967346191,226.8754119873047,2.456796407699585,90.00125122070312
9209,-7.676385402679443,228.00152587890625,2.456801414489746,90.00305938720703
9211,-7.67653751373291,229.10748291015625,2.4567408561706543,90.00542449951172
9213,-7.676806449890137,230.23733520507812,2.455526828765869,89.99527740478516
9215,-7.676858425140381,231.43910217285156,2.454920768737793,89.97989654541016
9217,-7.676609992980957,232.6717071533203,2.455329418182373,89.9762954711914
9219,-7.676344871520996,233.90077209472656,2.4560062885284424,89.9801254272461
9221,-7.67620849609375,235.10806274414062,2.456474542617798,89.98961639404297
9223,-7.676211357116699,236.29139709472656,2.456692695617676,89.99595642089844
9224,-7.67624568939209,236.87420654296875,2.456747055053711,89.9981918334961
9226,-7.676357269287109,238.02259826660156,2.456796407699585,90.00128173828125
9229,-7.676580429077148,239.70411682128906,2.4567949771881104,90.00360107421875
9228,-7.676501274108887,239.1488800048828,2.456801652908325,90.0030746459961
9230,-7.6766533851623535,240.2549285888672,2.4567413330078125,90.00542449951172
9232,-7.676921844482422,241.38491821289062,2.4555270671844482,89.99530792236328
9234,-7.676974296569824,242.5867919921875,2.454921245574951,89.97989654541016
9236,-7.6767258644104,243.81944274902344,2.4553298950195312,89.976318359375
9238,-7.676460266113281,245.04861450195312,2.4560067653656006,89.9801254272461
9240,-7.676324844360352,246.25595092773438,2.456474542617798,89.98963928222656
9242,-7.676328182220459,247.43934631347656,2.456692695617676,89.99595642089844
9244,-7.676411151885986,248.5991973876953,2.456779718399048,89.99994659423828
9246,-7.676541805267334,249.7364044189453,2.4568028450012207,90.00233459472656
9248,-7.67669677734375,250.85214233398438,2.4567952156066895,90.00362396240234
9250,-7.676854133605957,251.95823669433594,2.4563210010528564,90.0069808959961
9252,-7.677128314971924,253.12738037109375,2.4550271034240723,89.98502349853516
9254,-7.676971435546875,254.34976196289062,2.455066204071045,89.97845458984375
9256,-7.67671537399292,255.58447265625,2.4556617736816406,89.97517395019531
9258,-7.676485538482666,256.803466796875,2.456280469894409,89.98527526855469
9260,-7.676427841186523,257.9988708496094,2.456606388092041,89.99312591552734
9262,-7.676477432250977,259.17041015625,2.45674729347229,89.99819946289062
9264,-7.676588535308838,260.31884765625,2.456796884536743,90.00129699707031
9266,-7.676732540130615,261.4452209472656,2.456801652908325,90.00308227539062
9268,-7.67688512802124,262.5513916015625,2.4567413330078125,90.00543975830078
9270,-7.677153587341309,263.681396484375,2.4555273056030273,89.99530792236328
9272,-7.677206039428711,264.88330078125,2.4549214839935303,89.97991180419922
9274,-7.676957607269287,266.1159973144531,2.4553303718566895,89.9762954711914
9276,-7.676692962646484,267.3452453613281,2.4560067653656006,89.9801254272461
9278,-7.676555633544922,268.5526123046875,2.456474781036377,89.98963928222656
9280,-7.6765594482421875,269.73602294921875,2.456692695617676,89.99595642089844
9282,-7.676642417907715,270.8959045410156,2.456779718399048,89.99996185302734
9284,-7.6767730712890625,272.0331726074219,2.4568030834198,90.00233459472656
9286,-7.6769280433654785,273.14898681640625,2.4567949771881104,90.00362396240234
9288,-7.6770853996276855,274.255126953125,2.4563210010528564,90.0069808959961
9289,-7.67726993560791,274.8298645019531,2.4555273056030273,89.99530792236328
9291,-7.6773223876953125,276.03179931640625,2.4549217224121094,89.97991180419922
9293,-7.677073955535889,277.26446533203125,2.4553303718566895,89.9762954711914
9295,-7.676808834075928,278.49371337890625,2.4560067653656006,89.9801254272461
9297,-7.676671504974365,279.7010803222656,2.456474781036377,89.98963928222656
9299,-7.676675319671631,280.8844909667969,2.456692695617676,89.99595642089844
9301,-7.676758289337158,282.0444030761719,2.456779956817627,89.99994659423828
9303,-7.676890850067139,283.1814270019531,2.456968069076538,90.00248718261719
9305,-7.677049160003662,284.2971496582031,2.457002878189087,90.00372314453125
9307,-7.6772074699401855,285.4033203125,2.4565155506134033,90.0070571899414
9309,-7.677484035491943,286.57275390625,2.455420970916748,89.98504638671875
9311,-7.677326679229736,287.795166015625,2.4554550647735596,89.97845458984375
9313,-7.677071571350098,289.0298767089844,2.4560387134552,89.97516632080078
9315,-7.6768412590026855,290.2489318847656,2.4566521644592285,89.98527526855469
9316,-7.676795959472656,290.8496398925781,2.456845283508301,89.98963928222656
9318,-7.676799774169922,292.0330810546875,2.457062005996704,89.99595642089844
9320,-7.676882743835449,293.19293212890625,2.457148313522339,89.99996185302734
9322,-7.677009105682373,294.3304748535156,2.456965208053589,90.00221252441406
9324,-7.666589736938477,295.4440002441406,2.456782817840576,88.9859619140625
9326,-7.483098030090332,296.51483154296875,2.4558210372924805,82.54674530029297
9328,-7.149405479431152,297.6315612792969,2.454322099685669,76.69387817382812
9330,-6.727033615112305,298.8158264160156,2.454141139984131,72.48875427246094
9332,-6.250626564025879,300.0204162597656,2.4548747539520264,69.7562026977539
9334,-5.748950004577637,301.2142333984375,2.4557292461395264,68.08161926269531
9336,-5.174688816070557,302.32562255859375,2.456038236618042,62.585060119628906
9338,-4.402322769165039,303.2433776855469,2.4562950134277344,53.679954528808594
9340,-3.541947841644287,304.0579528808594,2.4566357135772705,47.302833557128906
9342,-2.654477834701538,304.81085205078125,2.4567673206329346,43.07304382324219
9344,-1.759397029876709,305.52044677734375,2.456779956817627,40.298099517822266
9346,-0.8626515865325928,306.18695068359375,2.4566092491149902,37.39753723144531
9348,0.1019342839717865,306.6413269042969,2.456019401550293,28.38185691833496
9350,1.195837140083313,306.89404296875,2.45463490486145,17.9150447845459
9351,1.782124400138855,306.9342041015625,2.4545738697052,12.624958992004395
9353,3.0344979763031006,307.02069091796875,2.454279661178589,7.51299524307251
9354,3.6867480278015137,307.0599365234375,2.454371213912964,5.839209079742432
9356,5.011760234832764,307.11541748046875,2.455036163330078,3.487525463104248
9358,6.334871292114258,307.1473083496094,2.4558236598968506,2.0797505378723145
9360,7.63613748550415,307.16522216796875,2.4563982486724854,1.2483466863632202
9362,8.910149574279785,307.1754455566406,2.456707000732422,0.7586873769760132
9364,10.156021118164062,307.1813659667969,2.4568533897399902,0.46798238158226013
9366,11.374238014221191,307.1847839355469,2.456909656524658,0.293332576751709
9368,12.565888404846191,307.1867980957031,2.4569177627563477,0.18695661425590515
9370,13.732341766357422,307.1878967285156,2.4569008350372314,0.12120407819747925
9372,14.875056266784668,307.1885070800781,2.4568705558776855,0.07993631064891815
9374,15.995490074157715,307.18878173828125,2.4568352699279785,0.05361917242407799
9376,17.09578514099121,307.18890380859375,2.456754207611084,0.033840592950582504
9378,18.220325469970703,307.18914794921875,2.4555232524871826,-0.004760742653161287
9380,19.41756820678711,307.1891174316406,2.4549081325531006,-0.0225219689309597
9382,20.646217346191406,307.1886901855469,2.4553160667419434,-0.0193176232278347
9384,21.871479034423828,307.18804931640625,2.4560000896453857,-0.008941650390625
9386,23.07501983642578,307.1875305175781,2.4564685821533203,-0.0039062497671693563
9388,24.25482940673828,307.18707275390625,2.45668625831604,-0.0005493164644576609
9390,25.411312103271484,307.1867370605469,2.456773519515991,0.0015570266405120492
9392,26.54537582397461,307.1864929199219,2.456796884536743,0.00273502548225224
9394,27.658124923706055,307.1862487792969,2.456789255142212,0.0032768233213573694
9396,28.76149559020996,307.1861572265625,2.4563143253326416,-0.013275146484375
9398,29.928295135498047,307.18609619140625,2.4550180435180664,-0.0334167443215847
9400,31.143619537353516,307.1439514160156,2.4549107551574707,-1.849212408065796
9402,32.36785125732422,307.0498046875,2.4555599689483643,-3.5231637954711914
9404,33.57467269897461,306.9388122558594,2.4562032222747803,-4.593996047973633
9406,34.758079528808594,306.8205261230469,2.456543207168579,-5.262911319732666
9408,35.917938232421875,306.6990051269531,2.4566993713378906,-5.681613445281982
9410,37.02672576904297,306.5017395019531,2.4564290046691895,-10.192367553710938
9412,38.042320251464844,306.0807800292969,2.4559664726257324,-18.268835067749023
9414,39.07411575317383,305.5191650390625,2.454493284225464,-24.832651138305664
9416,40.14824295043945,304.84808349609375,2.4542131423950195,-29.656431198120117
9418,41.22520446777344,304.11138916015625,2.4549002647399902,-32.86745071411133
9420,42.281982421875,303.3466491699219,2.4557337760925293,-34.880191802978516
9422,43.23720932006836,302.5273132324219,2.456080436706543,-40.65410614013672
9424,43.89207077026367,301.5549621582031,2.4564836025238037,-51.95408630371094
9426,44.34406280517578,300.4886169433594,2.4567248821258545,-61.376075744628906
9428,44.69032669067383,299.3983459472656,2.456852674484253,-68.0204849243164
9429,44.835994720458984,298.85211181640625,2.4568448066711426,-70.53515625
9431,45.08781814575195,297.7641296386719,2.456786632537842,-74.3426742553711
9433,45.30382537841797,296.6763916015625,2.456270933151245,-76.98168182373047
9435,45.507694244384766,295.5217590332031,2.4549624919891357,-78.89688873291016
9437,45.70232391357422,294.3115539550781,2.455009937286377,-80.18257141113281
9439,45.83866500854492,293.0867919921875,2.4554412364959717,-83.097412109375
9441,45.90278244018555,291.8712463378906,2.456112861633301,-85.61412811279297
9443,45.93976974487305,290.67742919921875,2.456500291824341,-87.21401977539062
9445,45.9622802734375,289.5068054199219,2.456679105758667,-88.21949005126953
9447,45.97620391845703,288.35894775390625,2.456751585006714,-88.85332489013672
9449,45.984901428222656,287.2330017089844,2.4567713737487793,-89.25555419921875
9451,45.99036407470703,286.1272277832031,2.456721544265747,-89.51583862304688
9453,45.99419403076172,284.9974670410156,2.455512523651123,-89.71611785888672
9455,45.99654769897461,283.7956848144531,2.4549107551574707,-89.84429168701172
9457,45.99761199951172,282.5632019042969,2.455324649810791,-89.91119384765625
9459,45.99793243408203,281.33465576171875,2.456009864807129,-89.9444808959961
9461,45.9979248046875,280.1278991699219,2.456472635269165,-89.96578979492188
9463,45.99775695800781,278.9449462890625,2.4566893577575684,-89.97848510742188
9465,45.99750518798828,277.78546142578125,2.4567770957946777,-89.98635864257812
9467,45.99720764160156,276.6485900878906,2.456800699234009,-89.99140167236328
9470,45.996726989746094,274.982421875,2.456739902496338,-89.998779296875
9469,45.99687576293945,275.5331726074219,2.4567935466766357,-89.99481201171875
9471,45.99667739868164,274.4273376464844,2.456319808959961,-90.01378631591797
9473,45.99653244018555,273.2584533691406,2.455026149749756,-90.0357437133789
9475,45.99604797363281,272.0362548828125,2.4550654888153076,-90.03778076171875
9477,45.995330810546875,270.8018798828125,2.455664873123169,-90.02289581298828
9479,45.994667053222656,269.5832824707031,2.4562816619873047,-90.01482391357422
9481,45.994075775146484,268.38824462890625,2.4566056728363037,-90.00945281982422
9483,45.99357223510742,267.2170104980469,2.4567461013793945,-90.00601196289062
9485,45.99311065673828,266.06884765625,2.4567956924438477,-90.00395965576172
9487,45.9926643371582,264.9428405761719,2.456800699234009,-90.00283813476562
9489,45.99226760864258,263.8369140625,2.456740617752075,-90.00504302978516
9491,45.992122650146484,262.7071838378906,2.45552659034729,-90.0316390991211
9493,45.99176788330078,261.5054626464844,2.454921007156372,-90.04118347167969
9495,45.99113845825195,260.2729187011719,2.4553303718566895,-90.03282928466797
9497,45.990413665771484,259.0440673828125,2.456009864807129,-90.01933288574219
9499,45.989173889160156,257.8936767578125,2.4584381580352783,-89.97061920166016
9502,45.98427963256836,256.8876953125,2.465254545211792,-89.70465850830078
9523,45.98750686645508,255.62118530273438,2.450957775115967,-89.84317779541016
9526,45.98868179321289,254.41859436035156,2.450876474380493,-89.94413757324219
9528,45.98896026611328,253.40179443359375,2.4517765045166016,-89.99956512451172
9530,45.98853302001953,252.28225708007812,2.4537036418914795,-90.01618194580078
9532,45.987972259521484,251.16726684570312,2.455209255218506,-90.01638793945312
9534,45.98766326904297,250.04331970214844,2.4549942016601562,-90.02788543701172
9536,45.98756408691406,248.74850463867188,2.4524993896484375,-90.07610321044922
9538,45.98653793334961,247.29103088378906,2.452388286590576,-90.08737182617188
9540,45.985198974609375,245.74276733398438,2.453359842300415,-90.07353973388672
9542,45.98404312133789,244.14694213867188,2.4543139934539795,-90.05504608154297
9544,45.98318099975586,242.5229949951172,2.454953670501709,-90.04011535644531
9546,45.982547760009766,240.87872314453125,2.4553215503692627,-90.03016662597656
9548,45.98207092285156,239.2172088623047,2.4555184841156006,-90.02397918701172
9550,45.98140335083008,237.6009521484375,2.457348346710205,-89.98951721191406
9552,45.98147964477539,236.0399627685547,2.4570014476776123,-89.99236297607422
9554,45.981483459472656,234.4882354736328,2.4568629264831543,-89.9956283569336
9556,45.981082916259766,233.06732177734375,2.459226131439209,-89.95531463623047
9558,45.981201171875,231.79795837402344,2.4596197605133057,-89.94610595703125
9560,45.981380462646484,230.61756896972656,2.458876371383667,-89.95490264892578
9562,45.9813232421875,229.48635864257812,2.4580867290496826,-89.96410369873047
9564,45.98111343383789,228.39254760742188,2.4575538635253906,-89.97924041748047
9566,45.981201171875,227.2860870361328,2.4559848308563232,-90.01438903808594
9568,45.98111343383789,226.08287048339844,2.4545321464538574,-90.03972625732422
9570,45.98056411743164,224.81544494628906,2.4547171592712402,-90.04271697998047
9572,45.9798583984375,223.5309295654297,2.4554283618927,-90.03502655029297
9574,45.979183197021484,222.25418090820312,2.4560422897338867,-90.021728515625
9576,45.978572845458984,220.99766540527344,2.4565048217773438,-90.0093994140625
9578,45.97804641723633,219.76934814453125,2.4567761421203613,-90.00479125976562
9580,45.977577209472656,218.56863403320312,2.456876516342163,-90.00222778320312
9582,45.97713088989258,217.39390563964844,2.456895589828491,-90.0008773803711
9584,45.976722717285156,216.2435760498047,2.456878900527954,-90.0003662109375
9586,45.976318359375,215.1160430908203,2.456847906112671,-90.00033569335938
9588,45.97590637207031,214.00991821289062,2.4568114280700684,-90.00060272216797
9590,45.97565841674805,212.91294860839844,2.4563190937042236,-90.0178451538086
9592,45.975486755371094,211.7517852783203,2.4550061225891113,-90.03850555419922
9594,45.97499084472656,210.5362091064453,2.455040216445923,-90.039794921875
9596,45.97386932373047,209.36778259277344,2.4577407836914062,-89.9913330078125
9599,45.97409439086914,208.30413818359375,2.4648447036743164,-90.09471130371094
9674,45.97379684448242,207.043212890625,2.450913429260254,-90.0989990234375
9677,45.97273635864258,205.84580993652344,2.450857400894165,-90.1077880859375
9679,45.97175216674805,204.83206176757812,2.4517664909362793,-90.11117553710938
9681,45.97038650512695,203.71542358398438,2.453700065612793,-90.08935546875
9683,45.91258239746094,202.6127166748047,2.45503830909729,-92.63705444335938
9685,45.779178619384766,201.50875854492188,2.454840660095215,-95.26448822021484
9687,45.59408187866211,200.2379608154297,2.4523415565490723,-97.39259338378906
9689,45.36102294921875,198.8087615966797,2.452256917953491,-98.82125091552734
9691,45.096923828125,197.29200744628906,2.4532647132873535,-99.64423370361328
9693,44.81560134887695,195.72959899902344,2.4542503356933594,-100.07643127441406
9695,44.52497482299805,194.13995361328125,2.454913377761841,-100.28832244873047
9697,44.1451416015625,192.57720947265625,2.455034017562866,-105.13174438476562
9699,43.44931411743164,191.24325561523438,2.4555258750915527,-117.47249603271484
9701,42.44178009033203,190.26446533203125,2.4557855129241943,-133.27464294433594
9703,41.22968673706055,189.59007263183594,2.4560976028442383,-146.7467498779297
9705,39.92610168457031,189.1032257080078,2.456540822982788,-155.8489227294922
9707,38.68800354003906,188.7557830810547,2.458829641342163,-161.2003173828125
9709,37.55194854736328,188.49130249023438,2.459003448486328,-164.4784393310547
9711,36.47364807128906,188.26759338378906,2.4583239555358887,-166.59576416015625
9713,35.39826965332031,188.0613555908203,2.456610918045044,-168.06558227539062
9714,34.82954406738281,187.96820068359375,2.4554004669189453,-169.55825805664062
9716,33.62435531616211,187.85848999023438,2.4545562267303467,-173.2441864013672
9718,32.378108978271484,187.79612731933594,2.4550960063934326,-175.79888916015625
9720,31.13521957397461,187.75880432128906,2.45587158203125,-177.39248657226562
9722,29.910789489746094,187.7362823486328,2.4563586711883545,-178.3724365234375
9724,28.708702087402344,187.7225341796875,2.456620216369629,-178.97438049316406
9726,27.529985427856445,187.71389770507812,2.4567484855651855,-179.3459014892578
9728,26.374452590942383,187.7083740234375,2.4568018913269043,-179.5771026611328
9730,25.241315841674805,187.70468139648438,2.4568142890930176,-179.72242736816406
9732,24.1295108795166,187.7021484375,2.456803560256958,-179.81484985351562
9734,23.027238845825195,187.70033264160156,2.456332206726074,-179.8723602294922
9736,21.86170768737793,187.69883728027344,2.4550297260284424,-179.93585205078125
9738,20.643415451049805,187.69802856445312,2.455112934112549,-179.9755096435547
9740,19.42112159729004,187.6975860595703,2.4558205604553223,-179.98619079589844
9742,18.215084075927734,187.6971893310547,2.4563217163085938,-179.9884796142578
9744,17.02980613708496,187.6967315673828,2.456592082977295,-179.98880004882812
9746,15.866556167602539,187.6962890625,2.456724166870117,-179.98854064941406
9748,14.725314140319824,187.69581604003906,2.4567787647247314,-179.98829650878906
9750,13.605426788330078,187.69534301757812,2.456791639328003,-179.9882049560547
9752,12.495348930358887,187.69488525390625,2.4563353061676025,-179.9857177734375
9754,11.32296085357666,187.69435119628906,2.4550492763519287,179.99246215820312
9756,10.098758697509766,187.6942138671875,2.455134868621826,179.98036193847656
9758,8.870939254760742,187.6942596435547,2.45583438873291,179.98658752441406
9760,7.66732931137085,187.63819885253906,2.4566798210144043,-177.3818817138672
9762,6.491901874542236,187.49232482910156,2.456901788711548,-174.4740447998047
9764,5.342038631439209,187.31602478027344,2.456942319869995,-172.53240966796875
9766,4.216204643249512,187.12591552734375,2.4569191932678223,-171.27467346191406
9768,3.112959861755371,186.92906188964844,2.456878185272217,-170.4625701904297
9770,2.0301475524902344,186.7293243408203,2.456791400909424,-169.9355926513672
9772,0.970738410949707,186.44903564453125,2.456834554672241,-165.17822265625
9774,0.06561531871557236,185.87982177734375,2.457918405532837,-152.50233459472656
9776,-0.5769586563110352,185.06640625,2.4579243659973145,-138.1562957763672
9779,-1.281336784362793,183.6367950439453,2.4578158855438232,-122.19349670410156
9778,-1.0677109956741333,184.1333770751953,2.4586732387542725,-126.87924194335938
9780,-1.4909783601760864,183.08335876464844,2.4557900428771973,-117.72090148925781
9782,-1.8832577466964722,181.8064727783203,2.4535751342773438,-110.10520935058594
9784,-2.217288017272949,180.3727264404297,2.4536356925964355,-104.71436309814453
9786,-2.5491201877593994,178.8300018310547,2.4813950061798096,-101.13581085205078
9788,-2.741288185119629,177.28900146484375,2.4546048641204834,-99.14029693603516
9789,-2.838134765625,176.49671936035156,2.4538605213165283,-97.66432189941406
9791,-2.9443557262420654,174.88803100585938,2.454770088195801,-94.23828887939453
9793,-2.9906814098358154,173.2557830810547,2.455385684967041,-92.15560150146484
9795,-3.011301279067993,171.60943603515625,2.4557945728302,-91.0721435546875
9797,-3.020465135574341,169.967041015625,2.4561259746551514,-90.53366088867188
9799,-3.0246574878692627,168.33206176757812,2.456350088119507,-90.26883697509766
9801,-3.0268239974975586,166.81539916992188,2.4589245319366455,-90.10411834716797
9802,-3.027259349822998,166.12020874023438,2.4595232009887695,-90.05853271484375
9804,-3.0275216102600098,164.81790161132812,2.45943284034729,-90.0128402709961
9806,-3.0275158882141113,163.59169006347656,2.45866322517395,-89.99763488769531
9808,-3.027606725692749,162.4098358154297,2.4579238891601562,-89.98541259765625
9810,-3.027794122695923,161.26353454589844,2.4575247764587402,-89.9875717163086
9812,-3.0280749797821045,160.14773559570312,2.457252264022827,-89.99089813232422
9814,-3.0282533168792725,159.046875,2.4566214084625244,-90.01005554199219
9816,-3.0283541679382324,157.88609313964844,2.4552013874053955,-90.03404235839844
9818,-3.028818368911743,156.67239379882812,2.45515775680542,-90.03618621826172
9820,-3.029524087905884,155.44732666015625,2.455745220184326,-90.02198028564453
9822,-3.030202865600586,154.2388916015625,2.4563300609588623,-90.01510620117188
9824,-3.0308055877685547,153.05332946777344,2.4566304683685303,-90.01045227050781
9826,-3.0313432216644287,151.890869140625,2.4567620754241943,-90.00751495361328
9828,-3.031841278076172,150.7509002685547,2.4568092823028564,-90.00574493408203
9830,-3.0323193073272705,149.63241577148438,2.4568145275115967,-90.00483703613281
9832,-3.0326297283172607,148.52357482910156,2.4563488960266113,-90.0208740234375
9834,-3.0328407287597656,147.35203552246094,2.4550600051879883,-90.04083251953125
9836,-3.033378839492798,146.12757873535156,2.45509934425354,-90.0408935546875
9838,-3.0341217517852783,144.89109802246094,2.4556918144226074,-90.02489471435547
9840,-3.0348198413848877,143.67034912109375,2.456308126449585,-90.0164794921875
9842,-3.0354394912719727,142.47328186035156,2.456634044647217,-90.01106262207031
9844,-3.0359818935394287,141.30015563964844,2.4567761421203613,-90.0076904296875
9846,-3.0364832878112793,140.15023803710938,2.4568264484405518,-90.00567626953125
9848,-3.036961078643799,139.02252197265625,2.45683217048645,-90.0046615600586
9850,-3.0374040603637695,137.9150390625,2.456773281097412,-90.00682830810547
9852,-3.037567377090454,136.78384399414062,2.4555602073669434,-90.03369140625
9854,-3.0379409790039062,135.58091735839844,2.4549527168273926,-90.04258728027344
9856,-3.0386009216308594,134.34739685058594,2.4553592205047607,-90.03396606445312
9858,-3.0393388271331787,133.11741638183594,2.4560329914093018,-90.0201416015625
9860,-3.0400023460388184,131.90931701660156,2.456500768661499,-90.01348876953125
9862,-3.040579080581665,130.72518920898438,2.4567196369171143,-90.00918579101562
9864,-3.0410990715026855,129.5646514892578,2.456807851791382,-90.00656127929688
9866,-3.0415866374969482,128.42678833007812,2.456831932067871,-90.005126953125
9868,-3.0420563220977783,127.31047821044922,2.456824779510498,-90.00445556640625
9870,-3.0423619747161865,126.20376586914062,2.4563522338867188,-90.0206298828125
9872,-3.0425682067871094,125.03411865234375,2.455057382583618,-90.04074096679688
9874,-3.0431041717529297,123.8113021850586,2.4550940990448,-90.0409164428711
9876,-3.0438461303710938,122.57627868652344,2.4556872844696045,-90.0249252319336
9878,-3.0445446968078613,121.35690307617188,2.4563052654266357,-90.0165023803711
9880,-3.045163154602051,120.16114807128906,2.456631898880005,-90.01110076904297
9882,-3.045708179473877,118.98929595947266,2.4567744731903076,-90.00775146484375
9884,-3.0462090969085693,117.8405532836914,2.4568240642547607,-90.00577545166016
9886,-2.954756498336792,116.7463607788086,2.4580132961273193,-85.03893280029297
9888,-2.5566797256469727,115.78180694580078,2.457824945449829,-73.3712387084961
9890,-1.9184457063674927,114.81441497802734,2.4557859897613525,-63.84383010864258
9892,-1.2210733890533447,113.77982330322266,2.4554507732391357,-57.883445739746094
9894,-0.361659437417984,112.82186889648438,2.4624078273773193,-49.511962890625
9896,0.6279483437538147,111.99745178222656,2.4666049480438232,-42.8238639831543
9898,1.6381112337112427,111.26644134521484,2.4729106426239014,-35.616695404052734
9900,2.7359673976898193,110.75984191894531,2.4780702590942383,-28.56875228881836
9902,3.8553905487060547,110.42691802978516,2.4801297187805176,-20.127561569213867
9904,4.980560302734375,110.27470397949219,2.466945171356201,-13.480853080749512
9906,6.100884437561035,110.167724609375,2.461615800857544,-8.988597869873047
9908,7.20925760269165,110.0963363647461,2.459845781326294,-5.980869770050049
9910,8.311762809753418,110.04853057861328,2.4583847522735596,-3.975525140762329
9912,9.4790620803833,110.01497650146484,2.456651210784912,-2.566742420196533
9914,10.699695587158203,109.99225616455078,2.4565391540527344,-1.607482671737671
9916,11.924748420715332,109.97782135009766,2.457149028778076,-0.9998778700828552
9918,13.133753776550293,109.96883392333984,2.457603693008423,-0.6240233778953552
9920,14.322693824768066,109.96318054199219,2.457350492477417,-0.3921813666820526
9922,15.489041328430176,109.95948791503906,2.457275867462158,-0.2478332370519638
9924,16.632978439331055,109.95701599121094,2.4573678970336914,-0.1575317084789276
9926,17.754558563232422,109.95526123046875,2.4567084312438965,-0.0989990234375
9928,18.857149124145508,109.95403289794922,2.456681966781616,-0.06610107421875
9930,19.983749389648438,109.95330810546875,2.4555084705352783,-0.0698242038488388
9932,21.182758331298828,109.9525146484375,2.454915761947632,-0.0616455078125
9934,22.420352935791016,109.95166778564453,2.454976797103882,-0.055694580078125
9936,23.734399795532227,109.95098114013672,2.4542131423950195,-0.0631713792681694
9938,25.088891983032227,109.94998931884766,2.4551565647125244,-0.0452575720846653
9940,26.437843322753906,109.94918823242188,2.45583438873291,-0.0307922326028347
9942,27.819753646850586,109.94880676269531,2.454559326171875,-0.0470886304974556
9944,29.38541603088379,109.94828796386719,2.4523141384124756,-0.0879516452550888
9946,31.14335060119629,109.9468994140625,2.4514830112457275,-0.1075439304113388
9948,33.08151626586914,109.94498443603516,2.4513015747070312,-0.11294553428888321
9949,34.1153450012207,109.94392395019531,2.451308012008667,-0.11309812217950821
9950,35.1911506652832,109.94280242919922,2.4513423442840576,-0.11242673546075821
9951,36.308170318603516,109.94165802001953,2.4513909816741943,-0.111297607421875
9952,37.46573257446289,109.94046783447266,2.4514458179473877,-0.1099853366613388
9953,38.66321563720703,109.93925476074219,2.4515023231506348,-0.1086425706744194
9954,39.90003967285156,109.93800354003906,2.4515581130981445,-0.1073303148150444
9955,41.17567443847656,109.93673706054688,2.4516117572784424,-0.1061401292681694
9956,42.48959732055664,109.93544006347656,2.4516632556915283,-0.1050720140337944
9957,43.82896423339844,109.93402099609375,2.4523448944091797,-0.0933532640337944
9958,45.16791915893555,109.93256378173828,2.4535562992095947,-0.0658264085650444
9959,46.50347900390625,109.93141174316406,2.454516887664795,-0.0398559607565403
9960,47.835472106933594,109.93063354492188,2.4551711082458496,-0.02178954891860485
9961,49.16413116455078,109.93013763427734,2.455596446990967,-0.011688232421875
9962,50.504554748535156,109.92996978759766,2.4551193714141846,-0.0203857421875
9963,51.88194274902344,109.9299087524414,2.4540724754333496,-0.047454833984375
9964,53.29794692993164,109.92955780029297,2.453260898590088,-0.0740966722369194
9965,54.7518310546875,109.92878723144531,2.4527409076690674,-0.0927123874425888
9966,56.24253845214844,109.9276123046875,2.4524359703063965,-0.1025390625
9967,57.7691650390625,109.92618560791016,2.452270746231079,-0.10565185546875
9968,59.33092498779297,109.92462921142578,2.452190399169922,-0.1047363206744194
9969,60.92716598510742,109.92298889160156,2.4521608352661133,-0.1021728441119194
9970,62.55734634399414,109.92135620117188,2.452160596847534,-0.0993652194738388
9971,64.22097778320312,109.91972351074219,2.4521758556365967,-0.097076416015625
9972,65.91763305664062,109.91812133789062,2.452199697494507,-0.0955200120806694
9973,67.64691162109375,109.91651916503906,2.4522273540496826,-0.09457395225763321
9974,69.40845489501953,109.91490936279297,2.452256441116333,-0.0940246433019638
9975,71.20189666748047,109.91324615478516,2.4522852897644043,-0.0936584323644638
9976,73.02694702148438,109.91160583496094,2.4523138999938965,-0.0933227390050888
9977,74.88009643554688,109.90989685058594,2.4525465965270996,-0.0898742601275444
9978,76.73724365234375,109.90804290771484,2.4535505771636963,-0.0668334811925888
9979,78.59025573730469,109.9063949584961,2.454486608505249,-0.03741455078125
9980,80.4384536743164,109.90522003173828,2.4551522731781006,-0.013763427734375
9981,82.28201293945312,109.90454864501953,2.455591917037964,-0.00033569333027116954
9982,84.12592315673828,109.90426635742188,2.4555721282958984,-0.0012817383976653218
9983,85.99604034423828,109.90433502197266,2.454691171646118,-0.028259271755814552
9984,87.89771270751953,109.9041748046875,2.453907012939453,-0.061889633536338806
9985,89.83029174804688,109.90345764160156,2.45339298248291,-0.0878295823931694
9986,-3.6793651580810547,194.2392578125,2.200000047683716,-90.06790161132812
9987,-1.773766040802002,194.2459259033203,2.4365997314453125,-89.95220947265625
9988,0.04821207746863365,194.22488403320312,2.4784960746765137,-89.43096160888672
9989,1.7785699367523193,194.1746368408203,2.505558490753174,-89.28925323486328
9990,3.4145753383636475,194.0921630859375,2.5317981243133545,-90.0855712890625
9995,3.2778239250183105,192.91966247558594,2.4772987365722656,-60.674949645996094
9998,3.9232516288757324,191.87750244140625,2.4599108695983887,-60.98961639404297
10001,4.616684913635254,190.71644592285156,2.4507391452789307,-60.979732513427734
10004,5.114518165588379,189.3900909423828,2.451653480529785,-70.13158416748047
10007,4.840689182281494,187.88087463378906,2.452559471130371,-95.6377944946289
10006,5.040161609649658,188.37510681152344,2.4523253440856934,-85.81045532226562
10008,4.534451961517334,187.40980529785156,2.453131675720215,-106.33991241455078
10010,3.5711512565612793,186.68075561523438,2.4847073554992676,-129.32620239257812
10012,2.3158586025238037,186.1189422607422,2.477153778076172,-152.03518676757812
10014,0.7289418578147888,185.8502655029297,2.445798873901367,-171.67926025390625
10016,-1.0131605863571167,185.74337768554688,2.4509828090667725,-174.15487670898438
10018,-2.6932530403137207,185.32923889160156,2.4549670219421387,-164.1001434326172
10020,-4.13535737991333,184.4898223876953,2.4566023349761963,-148.3840789794922
10022,-5.200313568115234,183.25111389160156,2.4566030502319336,-129.6573028564453
10024,-5.783387184143066,181.70880126953125,2.4556965827941895,-108.9134521484375
10026,-5.828398704528809,179.97384643554688,2.4542007446289062,-88.08885955810547
10028,-5.450212478637695,178.11813354492188,2.4549810886383057,-77.53597259521484
10030,-5.193037033081055,176.19866943359375,2.45513916015625,-84.87893676757812
10032,-5.384268283843994,174.31890869140625,2.454392910003662,-99.44378662109375
10034,-5.905439376831055,172.835205078125,2.4622437953948975,-114.85702514648438
10037,-6.421905517578125,171.7089080810547,2.468705415725708,-131.79725646972656
10278,-7.484446048736572,171.6731414794922,2.4522769451141357,-162.0254364013672
10282,-8.660683631896973,172.27011108398438,2.5085856914520264,167.7089385986328
10285,-9.441311836242676,173.23179626464844,2.5097367763519287,141.7526397705078
10288,-9.758713722229004,174.48780822753906,2.5337653160095215,118.04528045654297
10290,-9.801556587219238,175.5687713623047,2.527771472930908,103.23200225830078
10897,-1.6842504739761353,188.23687744140625,2.200000047683716,179.95350646972656
10904,-2.6431570053100586,187.91900634765625,2.4515576362609863,-168.60092163085938
10907,-3.7632741928100586,187.29165649414062,2.451115131378174,-157.0796661376953
10909,-4.675724506378174,186.6776123046875,2.452054738998413,-151.3639373779297
10911,-5.747151851654053,186.18548583984375,2.4523510932922363,-156.638916015625
10913,-6.90775203704834,186.0808563232422,2.4531586170196533,-170.6979217529297
10915,-7.965085983276367,186.420654296875,2.455359697341919,170.92552185058594
10918,-8.964580535888672,187.43875122070312,2.5103845596313477,143.61660766601562
10920,-9.329623222351074,188.37705993652344,2.507272481918335,124.29421997070312
10922,-9.309450149536133,189.566650390625,2.5062155723571777,104.38825225830078
10924,-8.894814491271973,190.72865295410156,2.508321523666382,79.76506042480469
10926,-8.061934471130371,191.84915161132812,2.4738237857818604,52.68519592285156
10928,-6.757531642913818,192.5383758544922,2.4424800872802734,25.994970321655273
10930,-5.121376991271973,192.66525268554688,2.4436700344085693,1.3322436809539795
10932,-3.3388116359710693,192.2874755859375,2.4491143226623535,-15.063736915588379
10934,-1.4465256929397583,191.8576202392578,2.4527699947357178,-12.016161918640137
10936,0.5345000624656677,191.63677978515625,2.4549858570098877,-4.435091495513916
10938,2.524319648742676,191.62054443359375,2.45597243309021,0.5481936931610107
10940,4.555665969848633,191.71563720703125,2.4544789791107178,2.8101673126220703
10941,5.643166542053223,191.78489685058594,2.4531173706054688,3.3357248306274414
10942,6.77400016784668,191.85362243652344,2.4525539875030518,3.0210165977478027
10943,7.907138347625732,191.90182495117188,2.45391845703125,2.1380138397216797
10944,8.988171577453613,191.93331909179688,2.4567196369171143,1.1522811651229858
10945,9.989981651306152,191.9543914794922,2.459479808807373,0.259644091129303
10947,11.711292266845703,191.9757843017578,2.4633874893188477,-0.9277036786079407
10949,13.089754104614258,191.97515869140625,2.4631450176239014,-1.113616943359375
10951,14.403688430786133,191.9611358642578,2.459487199783325,-0.6983031630516052
10953,15.738787651062012,191.95217895507812,2.457226037979126,-0.4179992377758026
10955,17.101043701171875,191.94708251953125,2.456322193145752,-0.2476196140050888
10957,18.46416473388672,191.94415283203125,2.4562768936157227,-0.1469726413488388
10959,19.82270050048828,191.94239807128906,2.4562828540802,-0.0890197679400444
10961,21.150976181030273,191.94126892089844,2.4568514823913574,-0.0457763709127903
10963,22.461254119873047,191.94070434570312,2.4565553665161133,-0.027130126953125
10965,23.78162956237793,191.9402618408203,2.456087350845337,-0.02627563662827015
10967,25.125118255615234,191.9398651123047,2.4557244777679443,-0.028167715296149254
10969,26.495994567871094,191.9394073486328,2.4555253982543945,-0.029754633083939552
10971,27.89454460144043,191.93898010253906,2.4554426670074463,-0.030548090115189552
10973,29.3197078704834,191.93849182128906,2.4554266929626465,-0.0303955040872097
10975,30.767934799194336,191.93801879882812,2.4555492401123047,-0.02801513671875
10976,31.491432189941406,191.94630432128906,2.455965280532837,0.660589873790741
10978,32.92989730834961,192.02471923828125,2.456317901611328,2.7562081813812256
10980,34.34935760498047,192.1412811279297,2.457021474838257,4.180933475494385
10982,35.628929138183594,192.26112365722656,2.459116220474243,4.965467929840088
10984,36.752925872802734,192.45046997070312,2.460153341293335,9.630343437194824
10987,37.9792366027832,193.2250518798828,2.4595282077789307,28.448617935180664
10989,38.61426544189453,194.05386352539062,2.4576339721679688,41.94390106201172
10990,38.92097473144531,194.54730224609375,2.456601619720459,47.93256378173828
10992,39.502586364746094,195.6824951171875,2.455065965652466,58.20029830932617
10994,40.00815200805664,196.96087646484375,2.4550774097442627,65.70064544677734
10996,40.48142623901367,198.3142852783203,2.4766454696655273,71.03260803222656
10998,40.85093307495117,199.67633056640625,2.4816975593566895,74.06405639648438
10999,41.012367248535156,200.3515167236328,2.4808712005615234,75.05915832519531
11001,41.33189010620117,201.63677978515625,2.455472469329834,74.18791961669922
11003,41.57202911376953,202.91134643554688,2.4559357166290283,78.96846771240234
11005,41.682796478271484,204.17852783203125,2.456749200820923,83.0987777709961
11007,41.74490737915039,205.42176818847656,2.4570631980895996,85.69606018066406
11009,41.78184127807617,206.63836669921875,2.457104444503784,87.3036880493164
11011,41.80438995361328,207.82875061035156,2.4570586681365967,88.29916381835938
11013,41.81846618652344,208.9940643310547,2.4569954872131348,88.91877746582031
11015,41.82743453979492,210.13555908203125,2.4569344520568848,89.30736541748047
11017,41.83327865600586,211.25474548339844,2.4568796157836914,89.55313110351562
11019,41.83705520629883,212.36355590820312,2.4563870429992676,89.69564819335938
11021,41.839637756347656,213.5343475341797,2.4550774097442627,89.7840347290039
11023,41.84175109863281,214.75706481933594,2.4551494121551514,89.86132049560547
11025,41.84340286254883,215.9833526611328,2.4558417797088623,89.91490936279297
11027,41.84458541870117,217.1931915283203,2.456334114074707,89.9494857788086
11029,41.84545135498047,218.3820037841797,2.4566006660461426,89.97160339355469
11031,41.84611129760742,219.5486297607422,2.456730842590332,89.98562622070312
11033,41.846702575683594,220.63661193847656,2.45845627784729,89.98855590820312
11036,41.84818649291992,221.72283935546875,2.4622883796691895,90.04814910888672
11183,41.84746170043945,222.90963745117188,2.4510140419006348,90.02774047851562
11186,41.84726333618164,223.97525024414062,2.4508471488952637,89.98119354248047
11189,41.847312927246094,225.43174743652344,2.4517698287963867,89.96480560302734
11191,41.84615707397461,226.54833984375,2.4537038803100586,90.02230834960938
11193,41.84433364868164,227.6603240966797,2.4552109241485596,90.07250213623047
11195,41.84180450439453,228.7814178466797,2.4549951553344727,90.09449005126953
11197,41.838314056396484,230.07337951660156,2.4524998664855957,90.07162475585938
11199,41.83501052856445,231.52806091308594,2.4523885250091553,90.07713317871094
11201,41.83156204223633,233.0736083984375,2.453359842300415,90.10079956054688
11203,41.827674865722656,234.66668701171875,2.454313278198242,90.12469482421875
11205,41.82334518432617,236.28802490234375,2.4549522399902344,90.14244079589844
11207,41.81867980957031,237.92984008789062,2.455319881439209,90.1539077758789
11209,41.81378173828125,239.5889434814453,2.4555165767669678,90.16099548339844
11211,41.808921813964844,241.2473907470703,2.4564290046691895,90.1783676147461
11212,41.806732177734375,242.03173828125,2.4575843811035156,90.20155334472656
11214,41.80157470703125,243.58203125,2.4571118354797363,90.19603729248047
11216,41.79689025878906,245.08412170410156,2.4582245349884033,90.21277618408203
11218,41.79265594482422,246.42947387695312,2.4594569206237793,90.23344421386719
11220,41.788612365722656,247.66554260253906,2.4591026306152344,90.2246322631836
11222,41.786067962646484,248.84042358398438,2.4582839012145996,90.17293548583984
11224,41.78482437133789,249.97476196289062,2.4577362537384033,90.12068176269531
11226,41.78409957885742,251.07632446289062,2.457326889038086,90.08268737792969
11228,41.78339767456055,252.19302368164062,2.455904006958008,90.03047180175781
11229,41.783164978027344,252.77947998046875,2.455294609069824,90.01298522949219
11231,41.7830810546875,253.98573303222656,2.455188751220703,89.99844360351562
11233,41.78335952758789,255.20175170898438,2.4557809829711914,90.00346374511719
11235,41.78369140625,256.40057373046875,2.4563255310058594,90.0052261352539
11237,41.78396224975586,257.5773010253906,2.456602096557617,90.00691223144531
11239,41.78419494628906,258.7315979003906,2.456723928451538,90.00810241699219
11241,41.78440856933594,259.86395263671875,2.4567675590515137,90.00875854492188
11243,41.78461456298828,260.9753723144531,2.4567716121673584,90.00904083251953
11245,41.78466796875,262.07769775390625,2.4563024044036865,89.9923095703125
11247,41.78461837768555,263.24365234375,2.4550087451934814,89.97209930419922
11249,41.78489303588867,264.4634704589844,2.4550509452819824,89.97110748291016
11251,41.78538513183594,265.69586181640625,2.4556519985198975,89.98674774169922
11253,41.78582000732422,266.91259765625,2.4562747478485107,89.99531555175781
11255,41.78618621826172,268.10589599609375,2.456601619720459,90.00098419189453
11257,41.78648376464844,269.2754211425781,2.456743001937866,90.00458526611328
11259,41.78672409057617,270.4219970703125,2.4567930698394775,90.00675201416016
11260,41.78683090209961,270.9869384765625,2.456799268722534,90.0074462890625
11262,41.78704071044922,272.1009826660156,2.456791877746582,90.00829315185547
11264,41.78709411621094,273.20550537109375,2.45631742477417,89.991943359375
11266,41.787071228027344,274.3732604980469,2.455022096633911,89.97193908691406
11268,41.7873420715332,275.59454345703125,2.455061197280884,89.97111511230469
11270,41.78783416748047,276.828125,2.4556610584259033,89.98678588867188
11272,41.78827667236328,278.0459899902344,2.4562795162200928,89.9953384399414
11274,41.78863525390625,279.24029541015625,2.456604242324829,90.00099182128906
11276,41.78893280029297,280.41082763671875,2.456744909286499,90.004638671875
11278,41.7891731262207,281.5583190917969,2.4567947387695312,90.00679779052734
11280,41.78965377807617,282.67669677734375,2.4572017192840576,90.02793884277344
11283,41.79118728637695,283.96197509765625,2.461068630218506,90.0938491821289
11484,41.790077209472656,285.11517333984375,2.4512007236480713,90.04671478271484
11488,41.789676666259766,286.4468994140625,2.4508471488952637,89.98340606689453
11491,41.79000473022461,287.9034423828125,2.451765298843384,89.94479370117188
11493,41.790771484375,289.02008056640625,2.4536991119384766,89.95115661621094
11495,41.79148483276367,290.1321105957031,2.4552080631256104,89.96611785888672
11497,41.80471420288086,291.2489013671875,2.4549126625061035,88.89505004882812
11499,41.9304084777832,292.5211181640625,2.4522554874420166,85.35872650146484
11501,42.13582992553711,293.95074462890625,2.4521422386169434,82.65901184082031
11503,42.38843536376953,295.4671630859375,2.4531731605529785,81.0221939086914
11505,42.667869567871094,297.02825927734375,2.454188585281372,80.12821960449219
11507,42.96175765991211,298.6159362792969,2.4548747539520264,79.67102813720703
11509,43.26200485229492,300.2144775390625,2.455784559249878,79.4581069946289
11511,43.63005447387695,301.6894836425781,2.456913948059082,74.76292419433594
11513,44.286590576171875,302.90093994140625,2.4572534561157227,62.779319763183594
11515,45.21075439453125,303.75762939453125,2.4572622776031494,47.657020568847656
11517,46.30487060546875,304.3650817871094,2.4572482109069824,35.1385612487793
11519,47.37571334838867,304.7902526855469,2.4593505859375,27.17939567565918
11521,48.37763214111328,305.1053771972656,2.458855152130127,21.85552406311035
11523,49.40690231323242,305.37994384765625,2.4564387798309326,17.863964080810547
11525,50.557289123535156,305.64715576171875,2.4542131423950195,14.77756118774414
11527,51.81923294067383,305.9065246582031,2.4538371562957764,12.59280776977539
11529,53.1632080078125,306.1669616699219,2.4538748264312744,11.81200122833252
11531,54.601810455322266,306.4914855957031,2.4533984661102295,12.653382301330566
11533,56.13727569580078,306.76953125,2.453504800796509,9.290860176086426
11535,57.69614028930664,306.8902587890625,2.454845905303955,5.1386332511901855
11537,59.25178527832031,306.94384765625,2.4556353092193604,2.7184317111968994
11539,60.9128303527832,306.9708251953125,2.453112840652466,1.271974802017212
11541,62.78182601928711,306.98309326171875,2.451516628265381,0.4475648105144501
11542,63.790077209472656,306.9853210449219,2.4512135982513428,0.2126668244600296
11543,64.84494018554688,306.98583984375,2.4510905742645264,0.060841962695121765
11544,65.94486999511719,306.9851989746094,2.4510726928710938,-0.03112793155014515
11545,67.0885009765625,306.9839172363281,2.4511125087738037,-0.0823059007525444
11546,68.27468872070312,306.9822692871094,2.4511828422546387,-0.1073608323931694
11547,69.50242614746094,306.98046875,2.451265573501587,-0.11700436472892761
11548,70.77081298828125,306.9786376953125,2.4513516426086426,-0.11834714561700821
11549,72.07903289794922,306.97686767578125,2.4514355659484863,-0.1159668043255806
11550,73.4263687133789,306.97515869140625,2.4515154361724854,-0.1124267503619194
11551,74.81212615966797,306.9734802246094,2.4515902996063232,-0.109039306640625
11552,76.23502349853516,306.97186279296875,2.4516985416412354,-0.1057739183306694
11553,77.6830825805664,306.97027587890625,2.4523396492004395,-0.0934448167681694
11554,79.13150024414062,306.9686584472656,2.45353364944458,-0.065032958984375
11555,80.57632446289062,306.96734619140625,2.4544992446899414,-0.03759765625
11556,82.01731872558594,306.96649169921875,2.4551608562469482,-0.018463134765625
11557,83.45470428466797,306.9659729003906,2.4555914402008057,-0.008178710006177425
11558,84.89630889892578,306.9657897949219,2.4554452896118164,-0.01181030087172985
11559,86.36064910888672,306.9657287597656,2.454833745956421,-0.030731201171875
11560,87.84292602539062,306.9654235839844,2.4545679092407227,-0.0453186109662056
11561,89.33635711669922,306.9648132324219,2.4546351432800293,-0.0493774376809597
11562,90.83549499511719,306.96405029296875,2.454881191253662,-0.0446472130715847
11563,92.3366470336914,306.9632263183594,2.4551854133605957,-0.0354919470846653
11564,93.83741760253906,306.9625549316406,2.4554781913757324,-0.025726318359375
11565,95.33634185791016,306.96197509765625,2.4557278156280518,-0.0177001953125
11566,96.83258819580078,306.9615478515625,2.4559266567230225,-0.012176512740552425
11567,98.32566833496094,306.9611511230469,2.4560768604278564,-0.009033203125
11568,99.81532287597656,306.9609375,2.456186056137085,-0.007598876953125
11569,101.30142211914062,306.960693359375,2.456263542175293,-0.007202147971838713
11570,102.78397369384766,306.96044921875,2.4563167095184326,-0.007293700240552425
11571,104.262939453125,306.9602355957031,2.4563522338867188,-0.007568357978016138
11572,105.73833465576172,306.96002197265625,2.4563748836517334,-0.0078125
11573,107.21028900146484,306.9598083496094,2.456385850906372,-0.008056641556322575
11574,108.6791763305664,306.9595642089844,2.456378936767578,-0.008514405228197575
11575,110.14513397216797,306.9593200683594,2.4563698768615723,-0.008941650390625
11576,111.60818481445312,306.9591064453125,2.4563629627227783,-0.009246827103197575
11577,113.0683364868164,306.9588928222656,2.456357955932617,-0.009429930709302425
11578,114.52326202392578,306.9586181640625,2.4565205574035645,-0.006866454146802425
11579,115.95155334472656,306.95819091796875,2.457383871078491,0.011954957619309425
11580,117.35114288330078,306.95794677734375,2.4579994678497314,0.030251258984208107
11581,118.72798919677734,306.9580078125,2.458193302154541,0.038470201194286346
11582,120.09427642822266,306.9583435058594,2.457834005355835,0.031201357021927834
11583,121.46426391601562,306.95880126953125,2.4570729732513428,0.011145053431391716
11584,122.84767150878906,306.95904541015625,2.4561991691589355,-0.013610838912427425
11585,124.2496566772461,306.95904541015625,2.4554409980773926,-0.0358276404440403
11586,125.66664123535156,306.95867919921875,2.4550857543945312,-0.047454833984375
11587,127.09173583984375,306.95794677734375,2.45509934425354,-0.0472107008099556
11588,128.5191650390625,306.9571228027344,2.4553256034851074,-0.0389404296875
11589,129.9447021484375,306.9563903808594,2.4556376934051514,-0.02740478515625
11590,131.36544799804688,306.9557800292969,2.4559547901153564,-0.0162353478372097
11591,132.77955627441406,306.955322265625,2.456235647201538,-0.007354735862463713
11592,134.18592834472656,306.9549865722656,2.456465721130371,-0.001220703125
11593,135.5839080810547,306.9548034667969,2.4566445350646973,0.00250901747494936
11594,136.9762725830078,306.9547119140625,2.4566361904144287,0.0016909377882257104
11595,138.3656463623047,306.95465087890625,2.4565553665161133,-0.0018005367601290345
11596,139.75233459472656,306.95452880859375,2.4564850330352783,-0.005340576637536287
11597,141.1363983154297,306.9543151855469,2.4564356803894043,-0.007873534224927425
11598,142.5177764892578,306.9541320800781,2.4564032554626465,-0.009307861328125
11599,143.86727905273438,306.9536437988281,2.457695960998535,0.014646666124463081
11600,145.16432189941406,306.9532470703125,2.459064483642578,0.05099397152662277
11601,146.41751098632812,306.9533386230469,2.4597177505493164,0.07393483817577362
11602,147.6385955810547,306.95391845703125,2.459721088409424,0.07740069925785065
11603,148.8394317626953,306.9546813964844,2.45927357673645,0.06539545208215714
11604,150.03082275390625,306.95538330078125,2.458556652069092,0.04467521980404854
11605,151.2220916748047,306.9559631347656,2.4577231407165527,0.021245578303933144
11606,152.420166015625,306.9562683105469,2.4569010734558105,-0.00067138671875
11607,153.62994384765625,306.9563293457031,2.4561657905578613,-0.01904296875
11608,154.8536834716797,306.9561767578125,2.455601215362549,-0.0323486328125
11609,156.09068298339844,306.9557800292969,2.455249309539795,-0.03985595703125
11610,157.33973693847656,306.9552307128906,2.455059766769409,-0.0427856482565403
11611,158.59974670410156,306.9546203613281,2.45497727394104,-0.0427856482565403
11612,159.86964416503906,306.9540100097656,2.4549615383148193,-0.0412292517721653
11613,161.1425323486328,306.9533386230469,2.4553349018096924,-0.03363037109375
11614,162.37364196777344,306.9524841308594,2.4574882984161377,0.0031377761624753475
11615,163.50746154785156,306.9512939453125,2.460578203201294,0.06740973889827728
11616,164.5369110107422,306.9500427246094,2.462878465652466,0.14544810354709625
11618,166.28353881835938,306.9478759765625,2.46533465385437,0.3058483898639679
11620,167.794677734375,306.94921875,2.4607057571411133,0.26205000281333923
11622,169.44937133789062,306.95306396484375,2.456000804901123,0.08689182996749878
11624,171.02940368652344,306.9535827636719,2.459186553955078,0.0868222787976265
11626,172.47935485839844,306.9542236328125,2.4584977626800537,0.12470552325248718
11628,173.93214416503906,306.9558410644531,2.4573333263397217,0.06249000504612923
11630,175.40310668945312,306.95660400390625,2.4565680027008057,0.023925257846713066
11632,176.8959503173828,306.9568176269531,2.456188678741455,0.0017292967531830072
11634,178.41026306152344,306.9567565917969,2.4560658931732178,-0.0101318359375
11636,179.92803955078125,306.95648193359375,2.456367015838623,-0.01074218563735485
11638,181.44029235839844,306.9562072753906,2.4563517570495605,-0.010375975631177425
11640,182.90213012695312,306.9453125,2.45778751373291,-0.9878845810890198
11642,184.16639709472656,306.75628662109375,2.4588656425476074,-7.517099380493164
11644,185.28330993652344,306.4236755371094,2.458833932876587,-13.206318855285645
11646,186.32571411132812,306.0511169433594,2.4582040309906006,-16.925308227539062
11648,187.355224609375,305.6656494140625,2.457009792327881,-18.2050838470459
11650,188.44943237304688,305.27667236328125,2.4550130367279053,-20.456140518188477
11652,189.43492126464844,304.65771484375,2.454824686050415,-29.6802978515625
11654,190.30587768554688,303.8514404296875,2.455317258834839,-38.17530059814453
11656,191.11036682128906,302.9745788574219,2.4559850692749023,-43.9900016784668
11658,191.86317443847656,302.0702209472656,2.4563658237457275,-47.83958053588867
11660,192.57708740234375,301.15771484375,2.456559896469116,-50.348243713378906
11662,193.25013732910156,300.2438049316406,2.456498622894287,-53.0481071472168
11664,193.710205078125,299.2630310058594,2.455970048904419,-61.97907257080078
11666,193.98208618164062,298.14306640625,2.45448637008667,-71.17375946044922
11668,194.16751098632812,296.9070739746094,2.454213857650757,-78.00605010986328
11670,194.28477478027344,295.62030029296875,2.4549009799957275,-82.59215545654297
11672,194.3542938232422,294.3302917480469,2.4557487964630127,-85.47222137451172
11674,194.39474487304688,293.0582275390625,2.4563145637512207,-87.2302474975586
11676,194.41851806640625,291.8101806640625,2.456627130508423,-88.29541778564453
11678,194.4327850341797,290.5878601074219,2.456785202026367,-88.94164276123047
11680,194.44149780273438,289.3913269042969,2.456855058670044,-89.33639526367188
11682,194.44692993164062,288.2197570800781,2.4568746089935303,-89.57977294921875
11684,194.4503936767578,287.0719909667969,2.45686674118042,-89.73163604736328
11686,194.45266723632812,285.9467468261719,2.4568443298339844,-89.82742309570312
11688,194.45419311523438,284.8419494628906,2.4567711353302,-89.88739013671875
11690,194.455322265625,283.7137756347656,2.455552816390991,-89.93862915039062
11692,194.45599365234375,282.51361083984375,2.4549379348754883,-89.98433685302734
11694,194.45608520507812,281.2872009277344,2.455477237701416,-90.00546264648438
11696,194.45602416992188,280.07080078125,2.456111431121826,-90.00792694091797
11698,194.4559783935547,278.8736572265625,2.4564826488494873,-90.00753021240234
11700,194.4559326171875,277.6982727050781,2.4566733837127686,-90.0066146850586
11702,194.45599365234375,276.54498291015625,2.456760883331299,-90.00579833984375
11704,194.45608520507812,275.4135437011719,2.4567909240722656,-90.00528717041016
11706,194.45619201660156,274.3023681640625,2.456747055053711,-90.00375366210938
11708,194.4563751220703,273.16796875,2.4555516242980957,-90.01364135742188
11710,194.45640563964844,271.96240234375,2.4549500942230225,-90.03099060058594
11712,194.4561309814453,270.7310791015625,2.4554879665374756,-90.03417205810547
11714,194.45579528808594,269.50994873046875,2.4561190605163574,-90.02566528320312
11716,194.4556427001953,268.3083801269531,2.4564900398254395,-90.01859283447266
11718,194.45558166503906,267.1286926269531,2.4566807746887207,-90.01353454589844
11720,194.45556640625,265.97149658203125,2.456768274307251,-90.01018524169922
11722,194.45553588867188,264.8363342285156,2.4567983150482178,-90.008056640625
11724,194.45562744140625,263.7223815917969,2.4567973613739014,-90.00680541992188
11726,194.4557342529297,262.6179504394531,2.456331968307495,-90.0035400390625
11728,194.45591735839844,261.4504699707031,2.4550349712371826,-90.02495574951172
11730,194.45578002929688,260.2304992675781,2.4551193714141846,-90.03691101074219
11732,194.45542907714844,259.00665283203125,2.455825090408325,-90.03048706054688
11734,194.45509338378906,257.8061828613281,2.4567248821258545,-90.0123519897461
11736,194.45570373535156,256.79608154296875,2.459965229034424,-90.11322021484375
11781,-3.679374933242798,194.2392578125,2.200000047683716,-90.06790161132812
12090,-3.6805579662323,193.03369140625,2.4508962631225586,-90.12539672851562
12093,-3.683230400085449,191.8362579345703,2.450852632522583,-90.168212890625
12095,-3.686166524887085,190.822509765625,2.451763153076172,-90.20177459716797
12097,-3.6436984539031982,189.71788024902344,2.453993558883667,-88.45079803466797
12100,-3.5901756286621094,188.0764923095703,2.4556703567504883,-88.3790283203125
12099,-3.60575795173645,188.62188720703125,2.4553213119506836,-88.37930297851562
12101,-3.57426118850708,187.516357421875,2.4550299644470215,-88.390625
12103,-3.5380630493164062,186.238525390625,2.4524857997894287,-88.44678497314453
12106,-3.478701114654541,184.03732299804688,2.4527976512908936,-88.49932861328125
12105,-3.4988272190093994,184.79635620117188,2.4523563385009766,-88.48651123046875
12107,-3.4583818912506104,183.26226806640625,2.4533281326293945,-88.50890350341797
12109,-3.4173367023468018,181.67982482910156,2.4542880058288574,-88.52212524414062
12111,-3.375883102416992,180.0686798095703,2.4549334049224854,-88.5311279296875
12113,-3.347581148147583,178.43658447265625,2.4552419185638428,-89.09111022949219
12115,-3.3371365070343018,176.78662109375,2.4554531574249268,-89.557861328125
12116,-3.3346683979034424,175.95599365234375,2.455556631088257,-89.70001220703125
12118,-3.3323659896850586,174.29725646972656,2.455949306488037,-89.8640365600586
12120,-3.331695556640625,172.64498901367188,2.456160306930542,-89.9422836303711
12122,-3.3319432735443115,171.04486083984375,2.4579274654388428,-89.95092010498047
12124,-3.3320870399475098,169.61534118652344,2.4595601558685303,-89.93555450439453
12126,-3.331777334213257,168.3102569580078,2.4593851566314697,-89.94058227539062
12128,-3.331418991088867,167.0793914794922,2.458604335784912,-89.95342254638672
12130,-3.3312623500823975,165.89231872558594,2.4578776359558105,-89.95768737792969
12132,-3.3312602043151855,164.74069213867188,2.457486152648926,-89.96947479248047
12134,-3.331392765045166,163.61956787109375,2.457219123840332,-89.97852325439453
12136,-3.3315813541412354,162.52317810058594,2.4569854736328125,-89.98802947998047
12138,-3.331570625305176,161.40548706054688,2.455662488937378,-90.02037811279297
12140,-3.331810474395752,160.2156524658203,2.454969882965088,-90.03424072265625
12142,-3.332401752471924,158.99427795410156,2.4553439617156982,-90.02709197998047
12144,-3.3330819606781006,157.77731323242188,2.456026554107666,-90.01673889160156
12146,-3.3336987495422363,156.58184814453125,2.456472635269165,-90.01101684570312
12148,-3.3342323303222656,155.40953063964844,2.456679582595825,-90.00717163085938
12150,-3.3347105979919434,154.260009765625,2.4567625522613525,-90.00479125976562
12152,-3.335155963897705,153.13243103027344,2.45678448677063,-90.00341796875
12154,-3.335583448410034,152.02574157714844,2.4567770957946777,-90.00274658203125
12156,-3.3358447551727295,150.92794799804688,2.4563002586364746,-90.0193099975586
12158,-3.3360328674316406,149.765869140625,2.4549975395202637,-90.03945922851562
12160,-3.336550235748291,148.5494384765625,2.4550375938415527,-90.04036712646484
12162,-3.337283134460449,147.31996154785156,2.4556405544281006,-90.02456665039062
12164,-3.337968111038208,146.1059112548828,2.4562675952911377,-90.01589965820312
12166,-3.3385636806488037,144.915283203125,2.456597328186035,-90.01017761230469
12168,-3.3390791416168213,143.7482452392578,2.4567391872406006,-90.00653076171875
12170,-3.339545249938965,142.6040802001953,2.456789255142212,-90.00433349609375
12172,-3.3399832248687744,141.4817352294922,2.456794023513794,-90.00314331054688
12174,-3.3403825759887695,140.3793487548828,2.4567341804504395,-90.00528717041016
12176,-3.3405215740203857,139.25270080566406,2.4555163383483887,-90.03190612792969
12178,-3.3408737182617188,138.05355834960938,2.454909086227417,-90.04149627685547
12180,-3.341521739959717,136.8232421875,2.455319404602051,-90.03314971923828
12182,-3.3422482013702393,135.5963592529297,2.4560017585754395,-90.01956939697266
12184,-3.3428900241851807,134.39125061035156,2.456470489501953,-90.0125961303711
12186,-3.3434395790100098,133.20994567871094,2.45668888092041,-90.00798034667969
12188,-3.3439278602600098,132.05206298828125,2.4567761421203613,-90.00518798828125
12190,-3.3443777561187744,130.9167022705078,2.456799030303955,-90.0035400390625
12192,-3.344806432723999,129.80271911621094,2.456791639328003,-90.002685546875
12194,-3.3450710773468018,128.6981964111328,2.456317186355591,-90.01903533935547
12196,-3.345261573791504,127.53044891357422,2.455021858215332,-90.0390625
12198,-3.3457794189453125,126.30918884277344,2.455061197280884,-90.03987884521484
12200,-3.346510171890259,125.07561492919922,2.4556610584259033,-90.02420043945312
12202,-3.347191095352173,123.8577880859375,2.4562795162200928,-90.01565551757812
12204,-3.3477838039398193,122.66349029541016,2.456604242324829,-90.0099868774414
12206,-3.3482983112335205,121.49296569824219,2.456745147705078,-90.00637817382812
12208,-3.348763942718506,120.34549713134766,2.4567947387695312,-90.00418090820312
12210,-3.3492016792297363,119.22005462646484,2.4567997455596924,-90.00302124023438
12212,-3.3496010303497314,118.1147689819336,2.4567391872406006,-90.005126953125
12214,-3.3348617553710938,116.99443817138672,2.456162691116333,-88.66426849365234
12216,-3.0898993015289307,115.92449951171875,2.4574458599090576,-79.22464752197266
12218,-2.5373945236206055,114.94158935546875,2.4565136432647705,-67.1082992553711
12220,-1.7764403820037842,113.94196319580078,2.4552390575408936,-57.47754669189453
12222,-0.8469530940055847,113.05502319335938,2.456712245941162,-46.01960372924805
12224,0.19464276731014252,112.37908935546875,2.4765121936798096,-34.3159294128418
12226,1.288691520690918,111.71355438232422,2.4903833866119385,-33.043601989746094
12228,2.3935675621032715,111.06643676757812,2.488051652908325,-31.464155197143555
12230,3.5087509155273438,110.56155395507812,2.4841978549957275,-25.633522033691406
12232,4.657993793487549,110.30049896240234,2.4831361770629883,-17.431013107299805
12234,5.781717300415039,110.2010726928711,2.4561145305633545,-11.64091682434082
12236,6.911911964416504,110.10250854492188,2.4567511081695557,-7.732611179351807
12238,8.025089263916016,110.03736114501953,2.4576287269592285,-5.129428863525391
12240,9.130635261535645,109.99494171142578,2.4574763774871826,-3.404632806777954
12242,10.299989700317383,109.96568298339844,2.456286907196045,-2.196624994277954
12244,11.522969245910645,109.94612121582031,2.456343650817871,-1.3803406953811646
12246,12.759236335754395,109.93380737304688,2.456900119781494,-0.8658446669578552
12248,13.982104301452637,109.92628479003906,2.4572529792785645,-0.5401611328125
12250,15.1809663772583,109.9217529296875,2.457158088684082,-0.3382263481616974
12252,16.35491371154785,109.91905212402344,2.457332134246826,-0.2136535495519638
12254,17.50456428527832,109.9173812866211,2.4567484855651855,-0.1352234035730362
12256,18.632680892944336,109.91639709472656,2.456737518310547,-0.0870666429400444
12258,19.739788055419922,109.91578674316406,2.4567604064941406,-0.0567321740090847
12260,20.837825775146484,109.91539764404297,2.4562971591949463,-0.034393310546875
12262,22.0008487701416,109.91526794433594,2.4549481868743896,-0.0442504845559597
12264,23.254650115966797,109.91490936279297,2.454040050506592,-0.0567321702837944
12266,24.577167510986328,109.91413116455078,2.454699754714966,-0.0481567345559597
12268,25.896026611328125,109.91338348388672,2.4556055068969727,-0.0329894982278347
12270,27.22272491455078,109.9129638671875,2.4552459716796875,-0.0344543419778347
12272,28.7091007232666,109.91277313232422,2.4526596069335938,-0.0771179050207138
12274,30.39259147644043,109.91168975830078,2.4515573978424072,-0.102264404296875
12276,32.26034927368164,109.90994262695312,2.4512791633605957,-0.1114501953125
12278,34.30251693725586,109.9078598022461,2.4512939453125,-0.1127929612994194
12279,35.3867073059082,109.90672302246094,2.4513401985168457,-0.1120910719037056
12280,36.51194763183594,109.90557098388672,2.451395273208618,-0.1109619066119194
12281,37.677589416503906,109.90437316894531,2.451453447341919,-0.1096496433019638
12282,38.88302230834961,109.90315246582031,2.451511859893799,-0.1083374097943306
12283,40.127681732177734,109.90190124511719,2.4515678882598877,-0.1070861741900444
12284,41.41102600097656,109.900634765625,2.4516215324401855,-0.1058959886431694
12285,42.730594635009766,109.89930725097656,2.4518139362335205,-0.1030273362994194
12286,44.05925369262695,109.89781951904297,2.452954053878784,-0.0802612230181694
12287,45.38527297973633,109.89649200439453,2.4540719985961914,-0.0521545335650444
12288,46.70772171020508,109.89553833007812,2.454874038696289,-0.02996825985610485
12289,48.02672576904297,109.8949203491211,2.455404281616211,-0.01614380069077015
12290,49.345359802246094,109.89457702636719,2.455548048019409,-0.012298583053052425
12291,50.69255447387695,109.89453887939453,2.4545810222625732,-0.0333862267434597
12292,52.07823181152344,109.89437866210938,2.4536213874816895,-0.061676025390625
12293,53.50235366821289,109.893798828125,2.4529619216918945,-0.0845641940832138
12294,54.96391296386719,109.89280700683594,2.45255970954895,-0.0985107421875
12295,56.46192169189453,109.89151000976562,2.4523324966430664,-0.1046142503619194
12296,57.99552917480469,109.89000701904297,2.4522151947021484,-0.1054382249712944
12297,59.56401824951172,109.888427734375,2.4521636962890625,-0.1035461351275444
12298,61.166786193847656,109.88679504394531,2.45215106010437,-0.10076904296875
12299,62.80333709716797,109.88516235351562,2.452159881591797,-0.0982360765337944
12300,64.47319793701172,109.883544921875,2.4521803855895996,-0.09634397178888321
12301,66.17595672607422,109.88194274902344,2.452206611633301,-0.0951537936925888
12302,67.91123962402344,109.8803482055664,2.452235221862793,-0.094390869140625
12303,69.67869567871094,109.87873840332031,2.4522645473480225,-0.0939330980181694
12304,71.47798919677734,109.8770751953125,2.4522933959960938,-0.0935973972082138
12305,73.30879974365234,109.87543487548828,2.4523210525512695,-0.0932617038488388
12306,75.15676879882812,109.8736572265625,2.453014850616455,-0.0802917405962944
12307,77.0021743774414,109.87186431884766,2.4540481567382812,-0.0521240197122097
12308,78.84292602539062,109.87043762207031,2.454850435256958,-0.02465820126235485
12309,80.678955078125,109.8695068359375,2.4553942680358887,-0.006011962890625
12310,82.510498046875,109.8690185546875,2.455747604370117,0.002469387138262391
12311,84.3556900024414,109.86896514892578,2.455152750015259,-0.012939454056322575
12312,86.23189544677734,109.86898040771484,2.454263687133789,-0.0455322265625
12313,88.13951873779297,109.8685531616211,2.453615427017212,-0.0762939378619194
12314,90.07752990722656,109.86751556396484,2.4532182216644287,-0.0959472507238388
12315,92.04479217529297,109.865966796875,2.4529967308044434,-0.103302001953125
12316,94.04039001464844,109.86406707763672,2.4528846740722656,-0.1015624925494194
12317,96.0636215209961,109.86203002929688,2.4528374671936035,-0.0953063890337944
12318,98.11392211914062,109.86001586914062,2.4528262615203857,-0.0884094163775444
12319,100.1908187866211,109.85807037353516,2.4528331756591797,-0.0831298828125
12320,102.29401397705078,109.85624694824219,2.4528496265411377,-0.0802307054400444
12321,104.42313385009766,109.8544692993164,2.452869415283203,-0.0794067233800888
12322,106.57793426513672,109.85271453857422,2.452890157699585,-0.079833984375
12323,108.75816345214844,109.85096740722656,2.4529099464416504,-0.080718994140625
12324,110.96360778808594,109.84919738769531,2.4529287815093994,-0.0815124437212944
12325,113.1940689086914,109.84738159179688,2.452946186065674,-0.0818481370806694
12326,115.44866180419922,109.84556579589844,2.4530036449432373,-0.0811767503619194
12327,117.72128295898438,109.84366607666016,2.4532852172851562,-0.074981689453125
12328,120.00371551513672,109.84175872802734,2.4537696838378906,-0.061126708984375
12329,122.28660583496094,109.8399658203125,2.454460859298706,-0.0396118126809597
12330,124.564208984375,109.83853149414062,2.455099582672119,-0.01702880859375
12331,126.83604431152344,109.83753967285156,2.455554485321045,-0.0009765624417923391
12332,129.1022491455078,109.83699035644531,2.45585560798645,0.006077807396650314
12333,131.3629608154297,109.83675384521484,2.456049680709839,0.0055819666013121605
12334,133.60476684570312,109.83653259277344,2.4567859172821045,0.013917272910475731
12335,135.81773376464844,109.83635711669922,2.4575250148773193,0.030381150543689728
12336,138.0055694580078,109.83646392822266,2.457900285720825,0.042555052787065506
12337,140.17799377441406,109.83694458007812,2.4577648639678955,0.03997477889060974
12338,142.34730529785156,109.837646484375,2.457221508026123,0.02032081037759781
12339,144.51649475097656,109.83818817138672,2.45686674118042,-0.0031738278921693563
12340,146.64993286132812,109.83810424804688,2.4580516815185547,0.0027912897057831287
12341,148.70620727539062,109.83756256103516,2.4601917266845703,0.03451034054160118
12342,150.6684112548828,109.83683013916016,2.462193250656128,0.08337216079235077
12343,152.5286865234375,109.83609008789062,2.463791608810425,0.1532609909772873
12344,154.2825469970703,109.83541107177734,2.4650051593780518,0.24384017288684845
12345,155.92724609375,109.83489990234375,2.465904474258423,0.35112518072128296
12346,157.463623046875,109.83472442626953,2.466414213180542,0.4658585786819458
12347,158.9189453125,109.83644104003906,2.4656777381896973,0.5084457397460938
12348,160.33193969726562,109.84148406982422,2.4642724990844727,0.41960787773132324
12349,161.67660522460938,109.84647369384766,2.464165687561035,0.3218049705028534
12350,162.92295837402344,109.85012817382812,2.464947462081909,0.24524590373039246
12351,164.06605529785156,109.85258483886719,2.4656450748443604,0.1920752376317978
12352,165.105712890625,109.85408782958984,2.4661223888397217,0.1641388237476349
12354,166.8779296875,109.85515594482422,2.4665191173553467,0.17232045531272888
12356,168.30694580078125,109.8556900024414,2.464675188064575,0.18171751499176025
12358,169.65191650390625,109.85781860351562,2.460527181625366,0.11294455081224442
12360,171.00355529785156,109.85922241210938,2.4578824043273926,0.05569760501384735
12362,172.3767547607422,109.85989379882812,2.4565539360046387,0.02106615900993347
12364,173.77499389648438,109.8600845336914,2.4559199810028076,0.0006776877562515438
12365,174.48399353027344,109.86007690429688,2.4557464122772217,-0.006195067893713713
12367,175.92140197753906,109.85989379882812,2.4555647373199463,-0.0155029296875
12369,177.38291931152344,109.85958099365234,2.4555490016937256,-0.020111083984375
12371,178.84857177734375,109.85914611816406,2.4559292793273926,-0.016448974609375
12373,180.30848693847656,109.85874938964844,2.456143856048584,-0.013641357421875
12374,181.03309631347656,109.8585433959961,2.4564361572265625,-0.009155272506177425
12376,182.36431884765625,109.85794067382812,2.4588534832000732,0.0326622910797596
12378,183.52731323242188,109.94928741455078,2.4604225158691406,4.911990642547607
12380,184.47756958007812,110.32792663574219,2.4596407413482666,15.96629524230957
12382,185.37008666992188,110.92561340332031,2.4577417373657227,26.164310455322266
12384,186.27700805664062,111.67994689941406,2.4563112258911133,35.55876541137695
12386,186.978271484375,112.62730407714844,2.4572606086730957,48.62322235107422
12388,187.5837860107422,113.68834686279297,2.4565975666046143,54.235538482666016
12390,188.28843688964844,114.68971252441406,2.4566783905029297,55.00436782836914
12392,188.88905334472656,115.72926330566406,2.457150936126709,59.078102111816406
12394,189.2670135498047,116.8089599609375,2.4583864212036133,67.74030303955078
12396,189.47268676757812,117.92023468017578,2.458491563796997,74.92447662353516
12398,189.6034393310547,119.02757263183594,2.458307981491089,79.85722351074219
12400,189.68878173828125,120.1335678100586,2.4581191539764404,83.2362289428711
12402,189.7478485107422,121.30461883544922,2.4566423892974854,85.63630676269531
12404,189.787109375,122.53011322021484,2.4565324783325195,87.26024627685547
12406,189.81146240234375,123.76642608642578,2.457085609436035,88.29234313964844
12408,189.8261260986328,124.98612976074219,2.457609176635742,88.93727111816406
12410,189.8348846435547,126.18331909179688,2.457878351211548,89.3346176147461
12412,189.8402099609375,127.35797882080078,2.457444667816162,89.5800552368164
12414,189.84347534179688,128.50912475585938,2.457343101501465,89.73345184326172
12416,189.8454132080078,129.63778686523438,2.4572300910949707,89.83018493652344
12418,189.8466033935547,130.74508666992188,2.4566965103149414,89.89191436767578
12420,189.84732055664062,131.84402465820312,2.4562506675720215,89.93385314941406
12422,189.84767150878906,133.0070343017578,2.4549810886383057,89.93839263916016
12423,189.84793090820312,133.6118621826172,2.454883337020874,89.94306182861328
12425,189.84849548339844,134.83978271484375,2.4553027153015137,89.95352172851562
12427,189.8489532470703,136.06478881835938,2.455989360809326,89.96570587158203
12429,189.8491973876953,137.26808166503906,2.456465244293213,89.98058319091797
12431,189.84927368164062,138.44761657714844,2.456685781478882,89.9902114868164
12433,189.84927368164062,139.60379028320312,2.456773519515991,89.9962387084961
12435,189.84913635253906,140.73753356933594,2.456796884536743,89.99988555908203
12437,189.8489227294922,141.85003662109375,2.456789016723633,90.00199890136719
12438,189.8488311767578,142.3993682861328,2.456735372543335,90.00410461425781
12440,189.8485565185547,143.5265655517578,2.4555177688598633,89.99435424804688
12442,189.8485107421875,144.72613525390625,2.4549107551574707,89.97924041748047
12444,189.84877014160156,145.95684814453125,2.4553205966949463,89.97589874267578
12446,189.84901428222656,147.18434143066406,2.4559996128082275,89.9797134399414
12448,189.84915161132812,148.39002990722656,2.4564707279205322,89.9893569946289
12450,189.84921264648438,149.5718536376953,2.4566900730133057,89.99576568603516
12452,189.84912109375,150.73019409179688,2.456777334213257,89.99981689453125
12454,189.84893798828125,151.86599731445312,2.4568004608154297,90.00223541259766
12456,189.8487091064453,152.9803924560547,2.4567925930023193,90.00353240966797
12458,189.8484649658203,154.08531188964844,2.456317901611328,90.00692749023438
12460,189.84817504882812,155.25341796875,2.4550230503082275,89.98494720458984
12462,189.84835815429688,156.47491455078125,2.4550623893737793,89.97838592529297
12464,189.8486328125,157.70884704589844,2.455657958984375,89.97510528564453
12466,189.8488311767578,158.9271697998047,2.4562783241271973,89.98521423339844
12468,189.84893798828125,160.12188720703125,2.4566049575805664,89.99309539794922
12470,189.84890747070312,161.29281616210938,2.4567463397979736,89.99815368652344
12472,189.84877014160156,162.44064331054688,2.4567959308624268,90.00125122070312
12474,189.8485565185547,163.56642150878906,2.4568004608154297,90.0030517578125
12476,189.8483428955078,164.67201232910156,2.456740379333496,90.00542449951172
12478,189.8480224609375,165.8015594482422,2.4555258750915527,89.9952621459961
12480,189.84796142578125,167.00306701660156,2.4549195766448975,89.9798583984375
12482,189.8482208251953,168.23545837402344,2.4553287029266357,89.97627258300781
12484,189.84849548339844,169.46438598632812,2.456005573272705,89.98007202148438
12486,189.84864807128906,170.61488342285156,2.45843768119812,89.99710845947266
12489,189.8479766845703,171.62062072753906,2.465252637863159,89.91976165771484
12620,-7.688847541809082,186.2425537109375,2.200000047683716,89.93209838867188
12694,-7.688637733459473,187.44818115234375,2.450913429260254,89.90736389160156
12697,-7.687768936157227,188.6455841064453,2.450857400894165,89.90020751953125
12699,-7.686951160430908,189.65933227539062,2.4517664909362793,89.89777374267578
12701,-7.685776710510254,190.7759552001953,2.453700304031372,89.92031860351562
12703,-7.684810638427734,191.8879852294922,2.4552085399627686,89.94596099853516
12705,-7.684311866760254,193.00909423828125,2.454993724822998,89.95158386230469
12707,-7.684156894683838,194.3010711669922,2.4524986743927,89.91607666015625
12709,-7.683197498321533,195.75575256347656,2.452387809753418,89.91184997558594
12711,-7.681953430175781,197.30128479003906,2.4533591270446777,89.92841339111328
12713,-7.680883407592773,198.89439392089844,2.454312562942505,89.9474868774414
12715,-7.6800856590271,200.51573181152344,2.454951763153076,89.96200561523438
12717,-7.679502964019775,202.15757751464844,2.455319404602051,89.97132110595703
12719,-7.67905330657959,203.81671142578125,2.4555163383483887,89.97685241699219
12721,-7.6785502433776855,205.4751739501953,2.4564290046691895,89.99307250976562
12723,-7.678225517272949,207.03567504882812,2.457446336746216,90.01592254638672
12725,-7.678404331207275,208.57940673828125,2.457080841064453,90.01092529296875
12727,-7.678189754486084,210.0020294189453,2.459111213684082,90.04617309570312
12729,-7.67848014831543,211.2854461669922,2.4593982696533203,90.05675506591797
12731,-7.678950786590576,212.48626708984375,2.4587035179138184,90.05278015136719
12733,-7.679285526275635,213.64015197753906,2.4579782485961914,90.05049133300781
12735,-7.679476261138916,214.75685119628906,2.457538366317749,90.04009246826172
12737,-7.679688930511475,215.8538055419922,2.4568049907684326,90.01612854003906
12739,-7.679943561553955,217.00753784179688,2.455296277999878,89.98748016357422
12741,-7.679802894592285,218.2138214111328,2.4551899433135986,89.9825668334961
12743,-7.679392337799072,219.42991638183594,2.4557816982269287,89.99362182617188
12745,-7.678994178771973,220.62872314453125,2.4563260078430176,89.99907684326172
12747,-7.678666114807129,221.80548095703125,2.4566023349761963,90.00301361083984
12749,-7.678397178649902,222.9597930908203,2.456724166870117,90.005615234375
12751,-7.678159236907959,224.0922393798828,2.4567675590515137,90.00718688964844
12753,-7.677939414978027,225.20364379882812,2.4567716121673584,90.00801849365234
12755,-7.677882671356201,226.30596923828125,2.4563026428222656,89.99163055419922
12757,-7.677913665771484,227.4719696044922,2.4550089836120605,89.97166442871094
12759,-7.6776275634765625,228.69178771972656,2.4550509452819824,89.9708251953125
12761,-7.677131175994873,229.9241943359375,2.4556524753570557,89.986572265625
12763,-7.676680088043213,231.1409454345703,2.4562747478485107,89.99522399902344
12765,-7.6763153076171875,232.334228515625,2.456601858139038,90.00091552734375
12767,-7.676023960113525,233.50376892089844,2.4567432403564453,90.00457000732422
12769,-7.67577600479126,234.65032958984375,2.4567928314208984,90.00672912597656
12771,-7.675552845001221,235.77490234375,2.4567980766296387,90.00794219970703
12773,-7.6753668785095215,236.87939453125,2.456737995147705,90.00581359863281
12775,-7.675443172454834,238.0078582763672,2.4555227756500244,89.97920989990234
12777,-7.675321102142334,239.2085418701172,2.454916000366211,89.9696273803711
12779,-7.674907207489014,240.44021606445312,2.4553258419036865,89.97798919677734
12781,-7.674418926239014,241.6682586669922,2.4560065269470215,89.99150848388672
12782,-7.674201488494873,242.27435302734375,2.4562792778015137,89.9953384399414
12784,-7.673838138580322,243.46864318847656,2.456604242324829,90.00098419189453
12786,-7.673548221588135,244.6392059326172,2.456745147705078,90.0046157836914
12788,-7.673300743103027,245.78671264648438,2.4567947387695312,90.00679779052734
12790,-7.6730780601501465,246.91220092773438,2.4567995071411133,90.00796508789062
12792,-7.672891139984131,248.01751708984375,2.456739664077759,90.0058364868164
12794,-7.672967433929443,249.14678955078125,2.4555251598358154,89.97923278808594
12796,-7.672844886779785,250.34808349609375,2.45491886138916,89.96968841552734
12798,-7.672431468963623,251.58026123046875,2.4553284645080566,89.97806549072266
12800,-7.671942710876465,252.80880737304688,2.4560084342956543,89.99153137207031
12802,-7.67153263092041,254.0154571533203,2.4564743041992188,89.9985122680664
12804,-7.671211242675781,255.19827270507812,2.456691265106201,90.0030517578125
12806,-7.670945167541504,256.35760498046875,2.456778049468994,90.0058822631836
12808,-7.670711994171143,257.49432373046875,2.456801652908325,90.00751495361328
12810,-7.670497417449951,258.6095275878906,2.456794023513794,90.00834655761719
12812,-7.670444011688232,259.7152404785156,2.456319808959961,89.9920425415039
12814,-7.670478343963623,260.88397216796875,2.455026149749756,89.97200012207031
12816,-7.670194149017334,262.1060791015625,2.4550650119781494,89.97119903564453
12818,-7.669699668884277,263.34033203125,2.4556643962860107,89.98684692382812
12820,-7.669251918792725,264.558837890625,2.4562814235687256,89.99539947509766
12822,-7.66888952255249,265.7537841796875,2.4566054344177246,90.00101470947266
12824,-7.668599605560303,266.9249267578125,2.4567461013793945,90.00464630126953
12826,-7.6683526039123535,268.0729675292969,2.4567956924438477,90.00679779052734
12828,-7.668129920959473,269.1990051269531,2.456800699234009,90.00798797607422
12830,-7.667943477630615,270.3048095703125,2.456740617752075,90.0058822631836
12832,-7.668020248413086,271.4345397949219,2.45552659034729,89.97927856445312
12834,-7.667897701263428,272.6361999511719,2.454920768737793,89.96971893310547
12836,-7.667484760284424,273.8686828613281,2.4553301334381104,89.97811126708984
12838,-7.666996479034424,275.09747314453125,2.4560093879699707,89.9916000366211
12840,-7.666585922241211,276.304443359375,2.456474781036377,89.99852752685547
12843,-7.6661272048950195,278.0701599121094,2.4567461013793945,90.00465393066406
12842,-7.66626501083374,277.4875183105469,2.4566915035247803,90.00308990478516
12844,-7.6660003662109375,278.6470642089844,2.4567785263061523,90.00588989257812
12846,-7.665767669677734,279.7840270996094,2.4568018913269043,90.00751495361328
12848,-7.665552139282227,280.89947509765625,2.456794261932373,90.0083236694336
12849,-7.66547155380249,281.4502258300781,2.4567408561706543,90.0058822631836
12851,-7.665547847747803,282.5799865722656,2.4555270671844482,89.97927856445312
12853,-7.665426254272461,283.7814636230469,2.45512318611145,89.96974182128906
12855,-7.665013313293457,285.0140075683594,2.4555323123931885,89.97813415527344
12857,-7.664528846740723,286.2430725097656,2.456392765045166,89.99139404296875
12859,-7.664114952087402,287.4501037597656,2.4568676948547363,89.99838256835938
12861,-7.663790702819824,288.6332092285156,2.457070827484131,90.00301361083984
12863,-7.6635260581970215,289.79278564453125,2.457151174545288,90.0058364868164
12865,-7.663291931152344,290.9297790527344,2.45717191696167,90.00748443603516
12866,-7.663182258605957,291.4901123046875,2.457170248031616,90.00797271728516
12868,-7.662996768951416,292.5959777832031,2.4571094512939453,90.00584411621094
12870,-7.663073539733887,293.72601318359375,2.455730676651001,89.97927856445312
12872,-7.662949562072754,294.92779541015625,2.4550812244415283,89.9697265625
12874,-7.568953514099121,296.12908935546875,2.455231189727783,85.22248077392578
12876,-7.2676310539245605,297.2828674316406,2.455576181411743,78.57239532470703
12878,-6.886298179626465,298.4041748046875,2.4561846256256104,74.02095794677734
12880,-6.471354961395264,299.4905700683594,2.4565324783325195,71.04974365234375
12882,-6.040248394012451,300.5469970703125,2.456669569015503,69.12433624267578
12884,-5.5936174392700195,301.5700988769531,2.4565536975860596,66.80580139160156
12886,-4.98834228515625,302.45904541015625,2.4558639526367188,58.654205322265625
12888,-4.191300392150879,303.2919921875,2.4543869495391846,50.784767150878906
12890,-3.264723062515259,304.1280517578125,2.4541587829589844,45.00310516357422
12891,-2.7716293334960938,304.53961181640625,2.4544589519500732,42.86823272705078
12893,-1.7566356658935547,305.3412170410156,2.455288887023926,39.81901168823242
12895,-0.7326573133468628,306.1111755371094,2.456047773361206,37.94588851928711
12897,0.3102624714374542,306.7698974609375,2.4562315940856934,32.30028533935547
12899,1.4013382196426392,307.086181640625,2.4568498134613037,20.94731903076172
12901,2.5643091201782227,307.2632751464844,2.4556615352630615,13.630234718322754
12903,3.8032097816467285,307.3913879394531,2.455082416534424,8.604555130004883
12905,5.071813106536865,307.4717712402344,2.4554762840270996,5.328739166259766
12907,6.32936429977417,307.5070495605469,2.455919027328491,2.133450746536255
12909,7.557602405548096,307.4554748535156,2.456599712371826,-0.0928039476275444
12911,8.765212059020996,307.44732666015625,2.45678448677063,-0.10107421875
12913,9.947816848754883,307.4456481933594,2.4568490982055664,-0.0625610277056694
12915,11.106196403503418,307.44476318359375,2.4568586349487305,-0.037750244140625
12917,12.241594314575195,307.4441833496094,2.4568421840667725,-0.0224609375
12919,13.355335235595703,307.44366455078125,2.4568140506744385,-0.013031004928052425
12921,14.459456443786621,307.44329833984375,2.456329584121704,-0.02383422665297985
12923,15.626766204833984,307.4430847167969,2.4550278186798096,-0.040069580078125
12925,16.847576141357422,307.442626953125,2.4550633430480957,-0.0384216345846653
12927,18.080730438232422,307.44195556640625,2.455662250518799,-0.02117920108139515
12929,19.2981014251709,307.4413757324219,2.45628023147583,-0.011688231490552425
12931,20.491973876953125,307.4408264160156,2.45660400390625,-0.005462645553052425
12933,21.662109375,307.4403991699219,2.45674467086792,-0.0014953612117096782
12935,22.809207916259766,307.4400329589844,2.456794023513794,0.0009026417974382639
12937,23.93430519104004,307.4397888183594,2.456799030303955,0.0022299911361187696
12939,25.031490325927734,307.4392395019531,2.457184314727783,0.02369437925517559
12942,26.28704833984375,307.4378662109375,2.461042881011963,0.048714619129896164
12994,27.409393310546875,307.43853759765625,2.4512012004852295,0.013548014685511589
12998,28.74109649658203,307.43853759765625,2.4508473873138428,-0.03900146484375
12999,29.18383026123047,307.43841552734375,2.4508564472198486,-0.0507507249712944
13001,30.19728660583496,307.43408203125,2.451716661453247,-0.3521728813648224
13003,31.31294822692871,307.40740966796875,2.45363187789917,-1.0101318359375
13005,32.42373275756836,307.3728942871094,2.45515775680542,-1.4544066190719604
13007,33.54338455200195,307.3345642089844,2.454956293106079,-1.7622987031936646
13009,34.83222579956055,307.2879333496094,2.4525034427642822,-2.035766839981079
13011,36.28105926513672,307.2322082519531,2.452420234680176,-2.194854974746704
13013,37.81881332397461,307.1712341308594,2.4533908367156982,-2.266144275665283
13015,39.40335464477539,307.1076965332031,2.4543309211730957,-2.292999267578125
13017,41.01600646972656,307.04290771484375,2.4549591541290283,-2.30120849609375
13019,42.64921951293945,306.9773254394531,2.455319404602051,-2.302581787109375
13021,44.299964904785156,306.9111328125,2.455512285232544,-2.301697015762329
13023,45.961463928222656,306.8445129394531,2.4558043479919434,-2.297027826309204
13025,47.61772537231445,306.7781982421875,2.4560959339141846,-2.291199207305908
13027,49.26395034790039,306.71240234375,2.4564852714538574,-2.284149169921875
13029,50.77899932861328,306.651611328125,2.459055185317993,-2.238952875137329
13031,52.14977264404297,306.5971984863281,2.4592039585113525,-2.237152099609375
13033,53.4967041015625,306.5593566894531,2.4576971530914307,-0.9021301865577698
13035,54.88652801513672,306.6802673339844,2.455822229385376,3.2676000595092773
13036,55.62022018432617,306.7283020019531,2.454770088195801,2.925626277923584
13038,57.18635559082031,306.7738342285156,2.453355550765991,1.6148899793624878
13040,58.88773727416992,306.7929992675781,2.4527225494384766,0.7293953895568848
13042,60.72467803955078,306.800537109375,2.452467679977417,0.25696617364883423
13044,62.62488555908203,306.8019714355469,2.4542016983032227,0.07730420678853989
13046,64.51663970947266,306.8014831542969,2.455432891845703,0.020806221291422844
13048,66.42807006835938,306.8011169433594,2.4546546936035156,-0.019317626953125
13049,67.44951629638672,306.80096435546875,2.453202962875366,-0.0556640587747097
13050,68.5237045288086,306.80047607421875,2.4521729946136475,-0.0861816257238388
13051,69.64867401123047,306.79962158203125,2.4515602588653564,-0.106964111328125
13052,70.82225036621094,306.7984619140625,2.4512410163879395,-0.1186828538775444
13053,72.04248046875,306.7970886230469,2.4511067867279053,-0.12359619140625
13054,73.30766296386719,306.79559326171875,2.4510834217071533,-0.1240539476275444
13055,74.6163101196289,306.79400634765625,2.451122760772705,-0.12203977257013321
13056,75.96710968017578,306.79241943359375,2.451195001602173,-0.11889645457267761
13057,77.35893249511719,306.7908020019531,2.4512834548950195,-0.1155395433306694
13058,78.79010772705078,306.78924560546875,2.451413631439209,-0.1119995042681694
13059,80.25440216064453,306.7876281738281,2.4517457485198975,-0.105010986328125
13060,81.7427978515625,306.7859802246094,2.452296018600464,-0.092071533203125
13061,83.24652862548828,306.78448486328125,2.452986001968384,-0.0744018480181694
13062,84.7580337524414,306.78314208984375,2.4537253379821777,-0.054840087890625
13063,86.27117156982422,306.7820739746094,2.454442024230957,-0.0362548790872097
13064,87.78146362304688,306.78125,2.4550857543945312,-0.0206298790872097
13065,89.28580474853516,306.7807312011719,2.4556286334991455,-0.008850096724927425
13066,90.7822036743164,306.7803649902344,2.4560647010803223,-0.0008239745511673391
13067,92.26942443847656,306.7801513671875,2.456401824951172,0.004106198903173208
13068,93.75025939941406,306.7800598144531,2.456493377685547,0.0036317368503659964
13069,95.2277603149414,306.7799987792969,2.456468343734741,-0.000335693359375
13070,96.70228576660156,306.7799377441406,2.4564318656921387,-0.00457763671875
13071,98.17389678955078,306.77972412109375,2.4564034938812256,-0.007720947265625
13072,99.64261627197266,306.779541015625,2.4563844203948975,-0.009521484375
13073,101.07815551757812,306.7790832519531,2.4577457904815674,0.015488572418689728
13074,102.45423889160156,306.7785949707031,2.4593846797943115,0.058918263763189316
13075,103.77213287353516,306.7786865234375,2.460493803024292,0.09523708373308182
13076,105.03968811035156,306.7793273925781,2.4609389305114746,0.11242516338825226
13077,106.26864624023438,306.78033447265625,2.460796594619751,0.10903007537126541
13078,107.47117614746094,306.781494140625,2.4602367877960205,0.09085068106651306
13079,108.65874481201172,306.78253173828125,2.459419012069702,0.06508173048496246
13080,109.841552734375,306.7833251953125,2.458477020263672,0.0374549962580204
13081,111.02788543701172,306.7838134765625,2.457531690597534,0.011882245540618896
13082,112.22366333007812,306.7839660644531,2.456672430038452,-0.009552001953125
13083,113.43289184570312,306.7839050292969,2.455948829650879,-0.02624511532485485
13084,114.65650177001953,306.78363037109375,2.4554412364959717,-0.0371704064309597
13085,115.89338684082031,306.7831726074219,2.45514178276062,-0.042572021484375
13086,117.142333984375,306.7825622558594,2.4549896717071533,-0.0440368615090847
13087,118.40216827392578,306.7819519042969,2.4549314975738525,-0.043212890625
13088,119.66899871826172,306.78131103515625,2.455092430114746,-0.038421630859375
13089,120.93434143066406,306.7806701660156,2.455457925796509,-0.028900139033794403
13090,122.1970443725586,306.7801208496094,2.4557576179504395,-0.020294189453125
13091,123.45701599121094,306.7796936035156,2.4559643268585205,-0.014404294081032276
13092,124.71434020996094,306.7794189453125,2.45609974861145,-0.01104736328125
13093,125.97975158691406,306.7792663574219,2.4555859565734863,-0.01922607235610485
13094,127.28416442871094,306.77923583984375,2.454298734664917,-0.04730224609375
13095,128.631103515625,306.7789306640625,2.4532687664031982,-0.07586669921875
13096,130.01986694335938,306.77813720703125,2.4526002407073975,-0.0964660570025444
13097,131.44857788085938,306.7769775390625,2.452242612838745,-0.1074829027056694
13098,132.91073608398438,306.7755126953125,2.4522693157196045,-0.1073608472943306
13099,134.39710998535156,306.7738952636719,2.452630043029785,-0.0963439792394638
13100,135.89889526367188,306.7723083496094,2.453202247619629,-0.0780639573931694
13101,137.40838623046875,306.7709045410156,2.4538674354553223,-0.0570678673684597
13102,138.91949462890625,306.769775390625,2.454535961151123,-0.0371704064309597
13103,140.42774963378906,306.7689514160156,2.455148220062256,-0.02069091983139515
13104,141.93003845214844,306.76837158203125,2.4556703567504883,-0.008514403365552425
13105,143.42442321777344,306.76800537109375,2.45609188079834,-0.000457763671875
13106,144.9096221923828,306.7677917480469,2.4564192295074463,0.004401520360261202
13107,146.3849334716797,306.7677001953125,2.4566657543182373,0.007029474712908268
13108,147.85044860839844,306.7675476074219,2.4568088054656982,0.007648001424968243
13109,149.31114196777344,306.7674865722656,2.456723213195801,0.0035089608281850815
13110,150.76882934570312,306.7674865722656,2.4566073417663574,-0.0018920894945040345
13111,152.22372436523438,306.76739501953125,2.4565184116363525,-0.006286620162427425
13112,153.6758270263672,306.7672119140625,2.4564578533172607,-0.008941651321947575
13113,155.12103271484375,306.7669372558594,2.456709146499634,-0.005981444381177425
13114,156.51856994628906,306.7663879394531,2.4583609104156494,0.0292741097509861
13115,157.85670471191406,306.7660827636719,2.4598207473754883,0.071802519261837
13116,159.141845703125,306.766357421875,2.4605777263641357,0.09941405802965164
13117,160.3792724609375,306.76708984375,2.4609787464141846,0.11251559108495712
13118,161.54571533203125,306.7676696777344,2.462052345275879,0.13643436133861542
13119,162.61856079101562,306.7678527832031,2.4634242057800293,0.16687820851802826
13121,164.4589080810547,306.76739501953125,2.4654860496520996,0.25285640358924866
13123,165.90802001953125,306.767578125,2.465456962585449,0.30927637219429016
13125,167.16363525390625,306.7708435058594,2.4627525806427,0.23252075910568237
13127,168.32571411132812,306.7731628417969,2.4603710174560547,0.16652826964855194
13129,169.43792724609375,306.7745666503906,2.458765745162964,0.12456122040748596
13131,170.52133178710938,306.7755126953125,2.4576992988586426,0.07423309981822968
13133,171.66526794433594,306.77630615234375,2.455496072769165,0.016441985964775085
13135,172.89906311035156,306.7764587402344,2.454925298690796,-0.012481689453125
13137,174.17047119140625,306.7762145996094,2.455512285232544,-0.018646240234375
13139,175.44436645507812,306.7758483886719,2.4561638832092285,-0.012023924849927425
13141,176.70211791992188,306.77545166015625,2.456716537475586,-0.0019531248835846782
13143,177.93316650390625,306.7750244140625,2.4570577144622803,0.0016003139317035675
13145,179.13717651367188,306.7747497558594,2.4571990966796875,0.003703342517837882
13147,180.3153839111328,306.77447509765625,2.4572415351867676,0.004814045503735542
13149,181.4695281982422,306.7742614746094,2.457031726837158,0.0053518395870924
13151,182.59817504882812,306.76348876953125,2.456834554672241,-1.0311279296875
13153,183.68186950683594,306.578125,2.4558517932891846,-7.517370700836182
13155,184.79872131347656,306.2433776855469,2.454768419265747,-13.33525562286377
13157,185.9596710205078,305.9082946777344,2.4555206298828125,-13.853137016296387
13159,187.12869262695312,305.5942077636719,2.4559550285339355,-14.779983520507812
13161,188.29237365722656,305.3080139160156,2.456167221069336,-14.623828887939453
13163,189.3494110107422,304.8728332519531,2.4562718868255615,-21.661334991455078
13165,190.23049926757812,304.2044372558594,2.455980062484741,-31.73668098449707
13167,191.0801544189453,303.3772888183594,2.454577922821045,-39.698509216308594
13169,191.9309539794922,302.42535400390625,2.4543023109436035,-45.437034606933594
13171,192.7592010498047,301.4047546386719,2.4549646377563477,-49.187255859375
13173,193.5431671142578,300.3567199707031,2.455592632293701,-52.67710876464844
13175,194.07135009765625,299.2533874511719,2.4562716484069824,-62.73017501831055
13177,194.25485229492188,298.10797119140625,2.456835985183716,-74.33354949951172
13179,194.37722778320312,296.9166259765625,2.4561729431152344,-80.01917266845703
13181,194.46578979492188,295.7063903808594,2.45613694190979,-83.64030456542969
13183,194.5211639404297,294.5042419433594,2.4563608169555664,-85.95997619628906
13185,194.55503845214844,293.3193054199219,2.456545352935791,-87.42766571044922
13187,194.57589721679688,292.15478515625,2.456662178039551,-88.35297393798828
13189,194.58880615234375,291.01153564453125,2.456723690032959,-88.937744140625
13191,194.5968475341797,289.8892822265625,2.456746816635132,-89.30953979492188
13193,194.6019287109375,288.78656005859375,2.456702470779419,-89.55078125
13195,194.60548400878906,287.6593017578125,2.4554946422576904,-89.73849487304688
13197,194.6076202392578,286.4595642089844,2.4548959732055664,-89.85823059082031
13199,194.60855102539062,285.2286682128906,2.455312967300415,-89.9198989868164
13201,194.6087646484375,284.00140380859375,2.456000804901123,-89.94973754882812
13203,194.60874938964844,282.7959289550781,2.456468343734741,-89.96904754638672
13205,194.60855102539062,281.6142272949219,2.4566872119903564,-89.98052215576172
13207,194.60833740234375,280.4559020996094,2.456775188446045,-89.98766326904297
13209,194.60804748535156,279.32012939453125,2.456798791885376,-89.99224853515625
13211,194.6077117919922,278.2057800292969,2.456791639328003,-89.99535369873047
13213,194.607421875,277.1009216308594,2.45631742477417,-90.01422119140625
13215,194.60720825195312,275.9328918457031,2.4550230503082275,-90.03597259521484
13217,194.6067657470703,274.71136474609375,2.4550621509552,-90.0379638671875
13219,194.6061248779297,273.4775390625,2.4556620121002197,-90.02301025390625
13221,194.60548400878906,272.259521484375,2.456279993057251,-90.014892578125
13223,194.6049346923828,271.0650329589844,2.4566047191619873,-90.00947570800781
13225,194.6044464111328,269.89434814453125,2.4567453861236572,-90.00607299804688
13227,194.6039581298828,268.74664306640625,2.4567949771881104,-90.00399780273438
13229,194.60348510742188,267.62109375,2.4567999839782715,-90.00287628173828
13231,194.60302734375,266.515625,2.456739902496338,-90.00505828857422
13233,194.60284423828125,265.38623046875,2.4555253982543945,-90.0316390991211
13235,194.6025390625,264.1847839355469,2.4549193382263184,-90.04122161865234
13237,194.60194396972656,262.9525451660156,2.455328941345215,-90.0328598022461
13239,194.60130310058594,261.7239074707031,2.4560084342956543,-90.01937103271484
13241,194.60069274902344,260.51715087890625,2.4564743041992188,-90.012451171875
13243,194.60018920898438,259.33428955078125,2.4566915035247803,-90.00789642333984
13245,194.59970092773438,258.1748962402344,2.4567782878875732,-90.00509643554688
13247,194.59873962402344,257.0950622558594,2.458517551422119,-89.98116302490234
13251,194.570556640625,256.0841064453125,2.4656927585601807,-88.2772216796875
13449,194.58583068847656,254.9140167236328,2.4508981704711914,-88.9483642578125
13452,194.59486389160156,253.71644592285156,2.4508419036865234,-89.36936950683594
13454,194.59957885742188,252.70257568359375,2.4517526626586914,-89.60679626464844
13455,194.59732055664062,252.14501953125,2.452458381652832,-89.99542236328125
13457,194.57237243652344,251.03001403808594,2.454540252685547,-90.81952667236328
13459,194.5377960205078,249.92288208007812,2.455559492111206,-91.38694763183594
13461,194.49606323242188,248.7356414794922,2.4534389972686768,-91.83229064941406
13463,194.44273376464844,247.35394287109375,2.4521751403808594,-92.15985107421875
13465,39.65886688232422,306.95587158203125,2.200000047683716,0.025754474103450775
13467,39.6275520324707,305.6125793457031,2.4638168811798096,-0.6611937880516052
13470,40.0166015625,304.4352111816406,2.4580047130584717,-8.522747039794922
13473,41.15046310424805,303.995361328125,2.450754404067993,-16.943675994873047
13475,42.198402404785156,303.6159973144531,2.4510698318481445,-20.315515518188477
13477,43.29609298706055,303.1528625488281,2.453662395477295,-22.65858268737793
13479,44.372650146484375,302.6610412597656,2.4551472663879395,-24.179391860961914
13481,45.43440628051758,302.154052734375,2.455839157104492,-25.146095275878906
13483,46.470741271972656,301.6470642089844,2.4564712047576904,-25.75324249267578
13485,47.47787094116211,301.14764404296875,2.4567480087280273,-26.137739181518555
13487,48.46160125732422,300.65594482421875,2.4567649364471436,-26.386911392211914
13489,49.47126770019531,300.2337646484375,2.4738855361938477,-26.579208374023438
13491,50.36309051513672,299.6793518066406,2.5213241577148438,-25.884714126586914
13803,50.37139892578125,298.6787109375,2.5441431999206543,1.4482874870300293
14373,47.66071319580078,302.95941162109375,2.200000047683716,-179.97421264648438
14384,46.91794204711914,302.27325439453125,2.453441619873047,-155.91082763671875
14387,46.45395278930664,301.2801818847656,2.454455614089966,-131.98165893554688
14390,46.4171028137207,299.86236572265625,2.4557504653930664,-102.53607940673828
14392,46.81855773925781,298.8215637207031,2.4570438861846924,-80.7779541015625
14394,47.437068939208984,297.8279113769531,2.479609251022339,-61.380859375
14411,47.22123336791992,296.82275390625,2.5850160121917725,-50.590572357177734
14470,48.10009765625,296.3241271972656,2.498694896697998,-36.743919372558594
14480,49.010032653808594,295.67852783203125,2.4960381984710693,-29.87125015258789
14486,50.10252380371094,295.1283264160156,2.5719847679138184,-27.792287826538086
14489,51.1705207824707,294.54254150390625,2.5954582691192627,-26.722362518310547
14491,52.161800384521484,294.17645263671875,2.5744402408599854,-26.737895965576172
14493,53.2414436340332,293.5325012207031,2.559223175048828,-26.091012954711914
14495,54.44039535522461,292.8913879394531,2.5864503383636475,-25.990461349487305
14497,55.63445281982422,292.3975830078125,2.692788600921631,-26.347753524780273
14499,57.0269775390625,291.6564636230469,2.7771518230438232,-25.59027671813965
14501,58.09409713745117,290.9443054199219,2.716545581817627,-18.724279403686523
14528,58.40641403198242,289.9593200683594,2.663231134414673,-11.109269142150879
14559,59.159881591796875,289.0947265625,3.1889050006866455,-13.005269050598145
14563,60.11984634399414,288.7921447753906,2.6380369663238525,-124.7501449584961
15294,47.66071319580078,302.95941162109375,2.200000047683716,-179.97421264648438
15301,46.92331314086914,302.2040100097656,2.4638490676879883,-153.56614685058594
15304,46.395877838134766,300.93560791015625,2.454873561859131,-124.60375213623047
15306,46.36783218383789,299.7462463378906,2.4554038047790527,-101.47087097167969
15308,46.79585266113281,298.4794921875,2.456024408340454,-76.8515853881836
15310,47.48176574707031,297.3338623046875,2.4760615825653076,-55.27964782714844
15325,47.8695068359375,296.3685607910156,2.5201382637023926,-32.81957244873047
15341,48.76227569580078,295.8051452636719,2.508052110671997,-28.833126068115234
15346,49.65009689331055,295.328125,2.529681921005249,-27.457992553710938
15350,50.77698516845703,294.64642333984375,2.583200216293335,-26.383344650268555
15353,52.04193115234375,294.15802001953125,2.5386006832122803,-26.275711059570312
15356,53.24184799194336,293.52935791015625,2.5460140705108643,-25.971935272216797
15359,54.40592956542969,292.8717346191406,2.599121570587158,-25.682933807373047
15362,55.6815071105957,292.39410400390625,2.712874412536621,-25.93418312072754
15364,56.79037857055664,291.95953369140625,2.75504207611084,-25.462560653686523
15366,58.09739685058594,291.3648681640625,2.6460347175598145,-24.004465103149414
15402,59.05881881713867,290.90826416015625,2.993218421936035,-12.791891098022461
15405,60.25133514404297,290.94061279296875,3.2956478595733643,-29.40874671936035
16284,41.66158676147461,300.95672607421875,2.200000047683716,90.02497863769531
16291,42.45817947387695,301.8560485839844,2.4558234214782715,61.89225387573242
16294,43.88264465332031,302.4065856933594,2.4512345790863037,30.580644607543945
16296,45.22637939453125,302.4446105957031,2.4506969451904297,9.241011619567871
16298,46.75865173339844,302.1875915527344,2.4513638019561768,-6.791784763336182
16300,48.3272705078125,301.6813049316406,2.452849864959717,-16.718000411987305
16302,49.87384796142578,301.0234069824219,2.4546685218811035,-22.12504768371582
16304,50.81785583496094,300.6178283691406,2.470088481903076,-24.615209579467773
